
 
  EXPERIMENT 1 PARAMETERS 
 
 Parameter name: conv1.weight, Size: torch.Size([16, 1, 7, 7])
Values: Parameter containing:
tensor([[[[-1.9323e-01,  4.4664e-02,  1.5895e-01,  1.5371e-01, -5.5417e-02,
           -2.2606e-01, -2.0589e-01],
          [-1.4396e-02,  8.8395e-02, -1.4093e-02, -1.2045e-01, -3.2060e-01,
           -1.3611e-01,  2.2227e-01],
          [-2.7773e-01, -1.4200e-01, -1.7937e-01, -7.6218e-02,  1.6092e-02,
            3.1674e-01,  2.5600e-01],
          [-9.6894e-02, -1.5789e-01,  2.8388e-02,  1.0838e-01,  1.8040e-01,
            9.2705e-02, -1.5704e-01],
          [ 2.2485e-01,  5.6408e-02,  6.6721e-02,  8.1119e-03, -1.2158e-01,
           -3.5302e-01, -4.5133e-01],
          [ 3.9739e-02,  4.7702e-02, -1.1492e-02,  1.2265e-02, -1.5270e-01,
           -1.1913e-01,  8.4356e-02],
          [-2.0666e-01, -1.9748e-01, -1.5279e-01,  8.7707e-02,  1.5771e-01,
            4.3146e-02,  1.2970e-01]]],


        [[[-4.5791e-02,  2.3725e-01, -9.3849e-03,  3.8059e-02, -1.1928e-02,
           -1.6681e-01, -2.4095e-01],
          [ 1.8466e-02,  1.7964e-01,  1.4837e-01,  1.0230e-01,  1.9699e-01,
            1.9016e-01, -7.9837e-02],
          [ 2.8033e-01,  1.3681e-01, -5.3918e-02, -4.4623e-03, -5.0029e-03,
           -1.1701e-01, -2.5454e-02],
          [ 2.0164e-01,  8.7720e-02, -8.9426e-02, -2.0450e-01, -3.1112e-01,
           -4.9312e-02, -4.5722e-02],
          [-1.9474e-01, -2.8122e-01, -2.3187e-01, -2.2444e-01, -1.6186e-01,
           -1.6965e-02, -3.7756e-02],
          [-2.4340e-01, -2.3268e-01, -3.2485e-01, -3.2542e-01, -2.6207e-01,
           -2.5650e-01, -1.1277e-01],
          [-3.0734e-02, -5.6690e-02, -6.7053e-02, -2.5808e-01, -2.4244e-01,
           -1.6986e-01, -2.8889e-01]]],


        [[[-6.6230e-02,  1.0195e-02,  2.1188e-01,  2.0080e-01, -1.6072e-01,
           -7.5007e-02, -1.6041e-01],
          [-3.2956e-01, -1.9607e-01, -9.2334e-02,  4.7049e-03, -2.0526e-02,
           -8.5623e-02,  1.9352e-01],
          [-1.7914e-01, -5.4056e-02, -1.1062e-01,  4.3593e-02,  1.3604e-01,
            2.1238e-01,  2.4495e-02],
          [-1.4156e-01, -5.8862e-02, -2.5512e-01, -4.5280e-02, -7.8226e-02,
           -7.0040e-02,  5.9716e-02],
          [-4.7693e-02, -5.4163e-02, -4.6935e-02, -2.2099e-01, -2.2751e-01,
           -3.1317e-01, -3.7009e-01],
          [-1.0556e-02, -2.3439e-02,  2.9027e-02, -5.7661e-02, -2.1566e-02,
            9.2782e-03, -1.1899e-01],
          [-2.6352e-02, -1.1771e-01,  7.8560e-02, -1.8753e-02,  1.0089e-01,
            1.8250e-01,  1.0340e-01]]],


        [[[ 1.6027e-01, -8.2715e-02,  1.4130e-01,  2.4074e-01, -1.4020e-01,
           -2.5481e-01, -3.9548e-02],
          [ 4.0760e-02, -2.8756e-01, -1.1264e-01,  1.6312e-01,  7.8881e-02,
           -2.0871e-01, -7.8111e-02],
          [-1.4082e-01, -2.4764e-01, -1.6759e-01,  5.5315e-02, -4.0138e-02,
           -5.2485e-02, -4.1671e-02],
          [-1.8716e-01,  2.4712e-02,  5.2895e-02,  3.8113e-02,  2.0938e-02,
           -7.9848e-02, -2.3215e-01],
          [ 2.4390e-02, -7.3873e-02,  7.3740e-02,  1.0137e-01, -6.2259e-03,
           -1.9121e-01, -2.5617e-01],
          [-1.7428e-01, -4.7901e-02,  5.1081e-02, -4.5815e-02,  1.6983e-02,
           -1.8518e-01, -3.0551e-01],
          [-4.9140e-02, -8.9914e-03, -3.1835e-02, -1.6012e-02, -1.4805e-01,
           -2.2089e-01, -1.5920e-01]]],


        [[[-7.4980e-02,  3.6419e-02,  2.1627e-01,  1.2420e-02, -1.4512e-01,
           -3.6516e-01, -4.0095e-01],
          [-4.4367e-02,  6.0415e-02, -1.4090e-01, -3.2019e-01, -3.9070e-01,
           -2.7495e-01, -1.3466e-01],
          [ 3.1897e-02, -2.6936e-01, -3.0032e-01, -3.0365e-01, -1.7330e-01,
            8.2042e-02,  3.4055e-02],
          [-1.3956e-01, -3.5212e-01, -1.7911e-01, -1.0187e-01,  4.5128e-02,
            1.7083e-01,  1.4353e-01],
          [-3.0261e-01, -2.9179e-01,  1.6496e-01,  2.8060e-02,  5.4886e-02,
            7.6278e-02,  1.9663e-01],
          [-2.9522e-01, -1.6274e-01, -1.3261e-02,  2.1606e-01,  1.4646e-01,
            7.9010e-02, -6.3575e-03],
          [-2.1067e-01,  1.8413e-02,  4.0121e-02,  7.2681e-02, -1.0275e-01,
           -7.7965e-02,  7.8701e-02]]],


        [[[ 3.0654e-02,  1.2535e-01, -5.9486e-02,  8.2967e-03, -1.5889e-01,
           -1.6018e-01,  3.2069e-02],
          [ 1.2637e-02, -8.9560e-02, -1.1549e-01, -7.5760e-02, -1.3329e-01,
           -1.2682e-01,  6.5772e-02],
          [-1.3356e-01, -3.8806e-02, -1.1659e-01, -1.0160e-01, -1.0086e-01,
           -5.2163e-03,  5.8968e-02],
          [-2.4313e-01, -9.3589e-02, -1.5752e-01, -5.6713e-02,  4.7382e-02,
           -4.6398e-03, -1.3449e-01],
          [-1.8463e-01, -1.9087e-01,  2.4293e-04,  2.4610e-02, -1.4783e-01,
           -7.9610e-02, -2.9893e-02],
          [-1.4916e-02,  8.7099e-02,  3.1007e-02, -5.0129e-02, -1.2960e-01,
            3.2171e-02,  5.0225e-03],
          [ 5.8235e-02, -5.8588e-02, -5.4073e-02, -4.4524e-03,  5.3299e-02,
           -8.5529e-02, -1.1954e-01]]],


        [[[ 6.6885e-02,  1.7641e-01,  1.7312e-01,  6.6018e-02, -3.6009e-02,
           -2.3406e-01, -1.4923e-01],
          [-1.4767e-01,  1.5764e-01,  1.4000e-01, -2.4606e-02, -1.2836e-01,
           -1.0814e-01, -1.1334e-01],
          [-2.5646e-01,  8.0203e-03,  4.6465e-02,  1.2961e-01,  3.0185e-02,
            2.7292e-02, -2.6450e-01],
          [-2.6634e-01,  3.7078e-02,  9.8670e-02,  5.3776e-02, -3.5935e-02,
           -7.3575e-02, -1.6544e-01],
          [-2.4431e-01, -1.6260e-01, -6.1921e-03, -5.7589e-03,  8.1093e-02,
            1.5239e-03, -1.5598e-01],
          [-1.1938e-01, -1.4550e-01,  9.3146e-04, -8.6295e-02, -1.3048e-01,
            5.8008e-02, -1.8847e-01],
          [-2.2789e-01, -3.6835e-01, -1.6314e-01, -5.5428e-02, -5.4564e-02,
            1.1436e-01,  6.2645e-02]]],


        [[[ 2.4919e-01,  2.2094e-01,  1.7099e-01,  1.8882e-01,  1.8124e-01,
            2.5115e-01,  2.1699e-01],
          [-1.7181e-01, -1.4357e-01, -4.1803e-02,  2.2092e-01,  1.2495e-01,
            1.5884e-01,  1.2638e-01],
          [-3.1110e-01, -2.2693e-01, -3.5003e-01, -1.9463e-01, -1.9014e-01,
            2.1223e-03, -2.2185e-01],
          [-3.5546e-01, -4.9425e-01, -6.6254e-01, -5.4440e-01, -5.5125e-01,
           -6.8266e-01, -4.0722e-01],
          [-1.4732e-01,  4.3701e-02,  3.7244e-02, -7.1528e-02, -5.4306e-02,
            5.7213e-02, -9.6549e-02],
          [ 1.5915e-01,  9.7838e-02,  2.3899e-01,  9.5899e-02,  1.9084e-01,
           -2.2956e-02,  3.5498e-02],
          [-5.4816e-02,  1.9769e-02,  1.1393e-02,  2.1594e-01,  9.7672e-02,
            7.7927e-02,  9.7833e-02]]],


        [[[ 6.0494e-02,  1.6130e-01,  1.3510e-01,  7.8706e-03, -8.2906e-02,
           -2.2731e-01, -2.5397e-01],
          [-5.5217e-02, -5.3335e-02,  3.6061e-02,  1.2492e-01,  1.0093e-02,
            3.5603e-02, -1.3513e-01],
          [-4.0435e-02,  2.9087e-02,  1.2303e-01,  1.0590e-01,  2.0394e-01,
            2.2186e-02, -2.9669e-02],
          [-7.9998e-02, -1.0590e-01,  2.5797e-02,  2.2765e-01,  2.1207e-01,
            8.0802e-02,  2.1988e-02],
          [-1.9630e-02, -8.5287e-02, -5.2133e-02,  3.0207e-02,  1.9887e-01,
            1.5530e-01, -2.8275e-02],
          [-1.1191e-01, -2.3574e-01, -2.0681e-01, -1.6161e-01, -9.9198e-03,
            9.9976e-02,  2.0296e-01],
          [-2.8987e-01, -3.3115e-01, -6.9144e-02, -1.5985e-01, -2.5870e-02,
            3.1862e-02,  6.5711e-02]]],


        [[[ 8.0310e-02,  6.3199e-02,  1.1593e-01,  5.8753e-02,  1.2498e-01,
           -6.3970e-02, -2.9496e-01],
          [ 1.9563e-01, -1.6830e-02,  9.7897e-02,  1.1624e-01,  1.3367e-01,
           -1.4062e-01, -3.0118e-01],
          [-6.1917e-03,  4.0369e-02,  2.6941e-01,  8.0792e-02,  7.0274e-02,
           -3.8715e-01, -5.9028e-01],
          [ 2.3967e-01,  1.5783e-01,  7.4990e-02,  2.0077e-01, -1.5837e-01,
           -3.2287e-01, -3.9571e-01],
          [ 1.4760e-01,  1.1104e-01,  9.5528e-02, -7.9192e-02, -1.7141e-01,
           -4.4018e-01, -2.6863e-01],
          [ 6.8328e-02, -1.1458e-01, -1.5397e-01, -4.4020e-02, -1.6165e-01,
           -2.3119e-01, -2.7544e-01],
          [-2.7400e-02, -5.2836e-03, -1.1082e-01, -5.5758e-02, -1.7590e-01,
           -2.7079e-01, -2.7280e-01]]],


        [[[-1.0327e-01, -1.4159e-01, -7.9242e-02, -6.9584e-02, -1.3062e-01,
           -2.0176e-01, -1.9983e-01],
          [ 1.4140e-01,  1.1508e-01, -1.5814e-02,  1.9383e-02, -4.9418e-02,
           -2.8979e-01, -3.0296e-01],
          [ 1.1424e-01,  1.1363e-02,  5.0435e-02,  1.7768e-02,  6.5208e-02,
            1.1941e-01, -3.2073e-02],
          [-8.4738e-02, -4.3953e-02,  1.2737e-01,  1.1478e-01,  3.2431e-01,
            2.6946e-01,  1.1151e-01],
          [ 3.7939e-02,  9.1196e-02,  1.1343e-01,  7.2702e-02,  2.9106e-02,
            1.7351e-01,  1.0966e-01],
          [ 7.7702e-02, -4.4772e-03,  3.6880e-02, -9.5259e-02, -2.3306e-01,
           -7.1772e-02,  1.8696e-01],
          [-1.0419e-01, -1.8978e-01, -2.0935e-01, -2.7717e-01, -1.6100e-01,
           -1.8151e-01, -2.2013e-01]]],


        [[[-1.3614e-01, -9.9273e-02, -3.9754e-01, -2.8447e-01, -1.7126e-01,
           -8.7239e-02,  2.7320e-01],
          [-4.3025e-02,  6.3456e-02, -3.8627e-02, -3.0933e-01, -5.3737e-01,
           -5.1489e-01, -4.3520e-02],
          [ 9.3707e-02, -5.7347e-02,  1.9677e-01, -1.5818e-02, -1.0422e-01,
           -3.3594e-01, -2.9884e-01],
          [-2.0359e-01, -3.8242e-02,  7.2545e-02,  3.0623e-01,  6.2683e-03,
           -2.8095e-01, -3.0394e-01],
          [-3.5837e-01, -2.8702e-02,  2.9922e-02,  2.2175e-01, -2.5116e-02,
           -1.5773e-01, -2.2214e-01],
          [ 6.6626e-02,  1.1491e-01, -3.4431e-04,  1.5036e-01,  9.3870e-02,
            4.3891e-02, -1.2562e-01],
          [-2.5777e-04,  2.3293e-01,  2.9644e-02,  1.4880e-01,  1.7916e-01,
           -5.4386e-03,  4.5019e-02]]],


        [[[-1.2838e-01, -1.9492e-01, -7.1383e-02, -2.8105e-01, -4.8615e-02,
           -4.0560e-02,  4.0466e-02],
          [-9.0257e-02,  1.7310e-02, -4.9562e-03,  1.5819e-02,  4.2371e-02,
           -1.1491e-02,  1.0477e-01],
          [-1.1601e-01,  1.2124e-01,  2.9716e-02,  1.1459e-01,  1.5386e-01,
           -1.9223e-02, -6.5285e-02],
          [ 1.5596e-01,  8.2742e-02,  1.7220e-01,  1.2282e-01, -7.2469e-02,
           -1.3369e-01, -2.3030e-01],
          [ 7.6394e-02,  1.5601e-01, -1.4801e-02,  1.9686e-02, -2.8836e-01,
           -2.7599e-01, -8.2335e-02],
          [-1.6114e-03, -8.3953e-02, -1.4044e-01, -2.7734e-01, -1.8196e-01,
           -6.0847e-02, -9.6907e-03],
          [-1.5590e-01, -1.9484e-01, -4.8937e-02, -4.2736e-02,  7.6716e-02,
            3.1961e-02,  8.4762e-02]]],


        [[[ 6.4331e-02, -8.6070e-02, -9.1191e-02, -2.0013e-01, -1.5429e-01,
           -9.8041e-02,  1.5060e-01],
          [ 1.8260e-01, -6.3318e-03, -1.3043e-01, -3.4698e-01, -3.7757e-01,
            2.3083e-02,  2.7427e-02],
          [ 3.1294e-02, -2.2523e-02, -1.4490e-01, -5.1010e-01, -1.0994e-01,
            6.4350e-02,  1.2871e-01],
          [ 1.4262e-01,  1.2529e-02, -3.5337e-01, -2.0261e-01, -5.6086e-02,
            7.2871e-02,  1.6914e-01],
          [ 1.2498e-01, -3.5385e-03, -2.9596e-01, -2.9033e-01,  8.7427e-02,
           -1.7379e-02,  1.8678e-01],
          [ 1.7161e-01, -3.9007e-02, -5.2284e-01, -3.5550e-02,  1.5314e-02,
            2.6758e-03,  2.1861e-01],
          [ 1.3490e-01, -1.6107e-01, -3.3332e-01, -2.6939e-02, -6.0843e-02,
            7.3060e-02,  1.0837e-01]]],


        [[[ 1.0717e-02, -1.8153e-01, -9.2046e-02, -2.4827e-02, -4.4248e-03,
           -9.5916e-02, -1.8693e-01],
          [-1.3925e-01, -2.3563e-01, -7.2231e-02,  2.2595e-02,  8.5608e-02,
           -1.3476e-01, -1.5474e-01],
          [-4.1096e-01, -1.9468e-01,  9.2924e-02,  1.0088e-01,  9.8479e-02,
           -4.9009e-03, -2.1853e-01],
          [-4.7383e-01,  7.7352e-03,  7.3331e-02,  1.7851e-01, -8.9418e-02,
           -1.0046e-01, -4.8749e-02],
          [-4.2232e-01, -5.3985e-02,  1.2235e-01,  1.1655e-01, -1.2832e-01,
           -3.4798e-01, -2.1090e-01],
          [-3.2804e-01,  8.6704e-02,  1.7813e-01, -1.2529e-01, -3.9524e-02,
            5.3752e-02, -1.6970e-01],
          [-3.2623e-02,  2.0696e-01,  2.7588e-01,  1.5039e-01,  1.3102e-01,
            1.1398e-01,  9.8583e-02]]],


        [[[-9.9639e-02, -2.3494e-01, -2.0272e-01, -1.0315e-01, -1.1544e-01,
           -1.2650e-02, -1.7682e-01],
          [ 1.3967e-02, -1.2364e-01, -1.8732e-01, -1.4116e-01, -9.6101e-02,
           -5.7402e-02, -1.1018e-01],
          [ 1.4931e-01,  1.3198e-02,  1.3720e-01, -1.1591e-01, -1.0146e-01,
           -1.4265e-01, -1.0502e-01],
          [ 9.9841e-02,  2.5167e-02,  4.7358e-02, -6.3865e-02,  5.0637e-02,
           -2.0459e-03, -6.8834e-02],
          [-1.7394e-02, -1.6515e-01, -8.7668e-02,  2.4700e-02, -1.5319e-01,
           -1.1105e-01, -9.5507e-02],
          [ 1.2878e-01, -5.1864e-02, -1.0389e-01, -1.2937e-01,  1.7719e-02,
           -2.5292e-02,  3.7782e-02],
          [-3.8087e-02,  2.1801e-02,  1.3662e-01, -1.6365e-01, -1.5320e-02,
            7.4618e-02,  6.9602e-02]]]], requires_grad=True)

Parameter name: conv1.bias, Size: torch.Size([16])
Values: Parameter containing:
tensor([-0.0176, -0.0105, -0.0155, -0.0118,  0.0136, -0.0395,  0.0007,  0.0262,
        -0.0350, -0.0099, -0.0300, -0.0056, -0.0489, -0.0081,  0.0408, -0.0364],
       requires_grad=True)

Parameter name: conv2.weight, Size: torch.Size([8, 16, 5, 5])
Values: Parameter containing:
tensor([[[[ 1.6628e-02,  1.0746e-01,  3.5102e-02,  1.0812e-01,  1.6384e-01],
          [ 4.1883e-02,  4.0091e-02,  4.0051e-03,  1.3719e-01,  1.4432e-01],
          [ 1.2508e-01,  6.3319e-02, -1.0900e-01, -5.5766e-02,  2.5062e-01],
          [-3.5652e-02, -1.2115e-01, -1.4625e-01, -7.6217e-02,  1.7420e-01],
          [-8.0217e-02, -1.1551e-01, -9.1958e-02, -1.8437e-01,  2.0897e-02]],

         [[ 4.4181e-03,  2.0471e-01,  1.3223e-01, -3.1093e-01, -1.5271e-01],
          [ 6.0914e-02,  1.8037e-01, -5.6235e-02, -2.4514e-01, -1.7585e-01],
          [ 3.7016e-02,  1.4818e-03, -1.9822e-01, -6.4142e-02,  1.0491e-01],
          [-1.5492e-01, -8.2785e-02, -8.2743e-02,  8.6560e-02,  2.5758e-02],
          [-1.6671e-01, -1.0480e-01, -1.5314e-01,  6.3261e-02,  3.0979e-03]],

         [[ 1.3292e-01,  1.1889e-01, -1.4146e-01, -1.3518e-01,  1.5709e-01],
          [ 5.9746e-02,  5.4054e-02, -1.5391e-01, -1.1094e-01,  6.7499e-02],
          [ 3.1158e-02,  9.9389e-02, -9.6767e-02, -1.4205e-02,  1.0614e-01],
          [-2.2585e-02, -4.8946e-02, -9.2610e-03,  1.1880e-01,  7.5391e-02],
          [ 3.1522e-02, -9.6385e-03,  9.7653e-03,  9.5837e-02,  1.2848e-01]],

         ...,

         [[ 9.3303e-02,  1.8597e-01,  1.1888e-01,  5.4450e-02, -1.0312e-02],
          [-4.0969e-02,  4.8526e-02,  1.1226e-01,  1.0358e-01, -7.5277e-02],
          [-1.7609e-01, -2.3088e-02,  1.3936e-01,  9.9006e-02, -1.7425e-01],
          [-2.7019e-01, -1.2574e-01,  5.9975e-02,  4.9442e-02, -1.9213e-01],
          [-5.9807e-02, -1.0420e-01,  7.2000e-03,  1.1393e-01, -4.1180e-02]],

         [[ 2.6894e-01,  2.1895e-01,  2.0298e-02,  8.2360e-02, -6.7948e-02],
          [ 6.3438e-02, -3.4560e-02,  8.2744e-02,  5.5609e-02, -9.5406e-02],
          [-9.9824e-02, -1.1137e-01, -6.3693e-03, -7.1959e-02, -2.0888e-02],
          [-1.6776e-01, -1.6139e-01, -9.9452e-02, -1.4942e-01, -2.3594e-02],
          [-1.8685e-01, -9.1592e-02, -6.2482e-02, -1.2813e-01,  1.5868e-02]],

         [[ 3.7061e-03, -8.9940e-02, -1.2615e-02,  1.5305e-02,  2.0876e-02],
          [-1.1121e-01, -1.3701e-01,  8.9375e-03, -1.4441e-02, -1.2591e-02],
          [-6.3359e-02, -1.4350e-01, -6.3001e-02, -5.7582e-02, -6.5535e-02],
          [-5.9114e-02, -9.9673e-02, -9.5953e-02, -4.3596e-02, -6.3284e-02],
          [ 1.6025e-02, -2.0146e-02, -8.4155e-02, -6.9749e-02, -7.8312e-02]]],


        [[[ 6.7628e-02,  8.4973e-02,  9.6091e-02, -1.6989e-02, -1.9317e-01],
          [-1.4955e-01, -2.0608e-03,  8.7461e-03, -1.1059e-01, -1.5292e-01],
          [-2.1199e-01, -8.4495e-02, -2.0811e-01, -2.6224e-01, -1.2104e-01],
          [-1.0845e-01, -1.2244e-01, -1.6284e-01, -2.8774e-01, -2.6965e-01],
          [ 1.2511e-01, -1.1541e-01, -2.4317e-01, -2.3158e-01, -1.2285e-01]],

         [[ 1.0362e-01,  1.0950e-01,  9.3713e-02,  1.3835e-01,  8.7586e-02],
          [-4.0600e-02,  1.1600e-01,  2.6867e-02,  9.1735e-02,  8.8028e-02],
          [-1.4628e-01,  2.3580e-02,  6.4197e-02, -1.6703e-02, -1.3134e-02],
          [-2.3625e-01, -1.1883e-01, -9.8351e-02, -1.3232e-01, -1.2929e-01],
          [-1.3998e-01,  2.1831e-02, -4.9480e-03, -2.7604e-02, -4.3558e-02]],

         [[ 4.4116e-02, -2.0193e-02, -6.8057e-02,  1.6867e-02, -3.0618e-02],
          [-6.3506e-02,  8.1423e-03,  8.2595e-02,  1.3068e-01, -7.5375e-03],
          [-6.9390e-03, -2.9378e-02, -6.5098e-02, -1.6287e-01, -1.4623e-01],
          [ 8.0878e-02,  5.6869e-02, -2.2353e-02, -1.2526e-01, -2.2900e-01],
          [ 4.6187e-02, -5.1200e-02, -5.4053e-02, -1.4757e-01, -1.2484e-01]],

         ...,

         [[ 6.4406e-02, -1.4618e-01, -2.3516e-01, -1.2239e-01,  2.1293e-02],
          [-2.3029e-02, -8.1245e-02, -2.8770e-01, -1.5550e-01, -8.8074e-02],
          [-9.9650e-05,  7.3969e-02, -1.8521e-01, -1.9030e-01, -1.8590e-01],
          [ 9.4592e-02,  2.0370e-01, -2.6939e-03, -1.7254e-01, -9.7411e-02],
          [ 1.5637e-01,  1.9137e-01,  4.5068e-02, -1.1907e-01, -1.2310e-01]],

         [[-1.6708e-01,  1.0685e-01, -1.9894e-02, -1.6635e-01, -1.5224e-01],
          [-7.9036e-02, -2.4774e-02, -1.0665e-01, -1.1670e-01, -2.7119e-01],
          [-6.8410e-02, -4.9156e-02, -7.7098e-02, -1.5395e-02, -2.1274e-01],
          [ 1.3368e-02, -7.7594e-02,  7.3250e-02,  1.9719e-02, -2.1244e-01],
          [ 2.9543e-01,  1.4206e-02,  1.9736e-01,  5.1809e-02, -1.2108e-01]],

         [[ 1.0009e-01, -1.1340e-02, -1.9327e-02,  2.1746e-03, -3.8356e-02],
          [-1.0383e-01, -1.0512e-01, -7.7168e-02,  2.5687e-02, -2.5235e-02],
          [-6.2309e-02,  4.9250e-02, -5.0517e-02,  2.5782e-02, -3.9169e-02],
          [-1.0809e-01,  8.3565e-02, -7.7459e-02, -1.8188e-02,  4.1837e-02],
          [ 1.3785e-01,  2.5091e-01, -3.2124e-02, -1.5233e-01, -5.6550e-02]]],


        [[[ 7.9815e-02, -1.6169e-01, -4.6304e-02, -7.0285e-02,  4.0646e-02],
          [ 5.2257e-02, -5.1147e-02,  4.2068e-02, -1.6834e-01, -6.6948e-02],
          [-4.3844e-02,  9.1948e-02,  9.8988e-02,  6.3105e-02,  5.0333e-03],
          [-6.1769e-02,  3.7753e-02,  1.9400e-02,  5.7235e-02,  6.3711e-02],
          [-2.5793e-01, -1.6619e-01,  1.0220e-02,  3.7041e-02,  2.0637e-02]],

         [[ 2.5117e-02,  5.1084e-02,  7.3253e-02, -1.8344e-03, -1.5539e-01],
          [-1.8434e-02,  2.9298e-02,  1.4530e-03, -1.0387e-01,  7.4836e-03],
          [ 1.0429e-01, -9.3853e-02,  3.9533e-02,  1.2635e-01,  1.1739e-01],
          [-1.9980e-01, -3.8913e-01, -1.9769e-01, -1.2701e-01, -1.1842e-01],
          [-3.1431e-02,  7.0097e-02,  4.3008e-02,  2.5057e-02,  3.8341e-02]],

         [[-6.2272e-02, -1.6869e-02, -7.6539e-02, -1.3834e-01,  4.0182e-02],
          [-1.3741e-02, -9.0638e-02,  2.6617e-02, -3.8535e-03,  8.7250e-03],
          [-1.1547e-01,  6.3212e-03, -3.0997e-02,  6.4750e-02,  7.5348e-02],
          [-4.5786e-02, -2.2421e-02, -1.0393e-02, -4.4523e-02,  2.0892e-02],
          [-9.4074e-02,  4.8949e-02,  1.0137e-01, -1.2838e-01, -6.6669e-02]],

         ...,

         [[ 1.7883e-01, -2.9033e-02, -1.1303e-02,  6.0822e-02,  2.9012e-01],
          [ 2.0827e-01,  5.3168e-03, -1.0007e-01,  2.5337e-02,  2.0021e-01],
          [ 9.3303e-02, -4.9889e-03, -6.6700e-02, -6.6778e-03, -3.6935e-03],
          [ 4.8955e-02, -1.2116e-01, -2.3851e-01, -1.4530e-01, -1.9080e-01],
          [-9.2710e-02, -1.6869e-01, -1.8405e-01, -1.4552e-01, -9.3240e-02]],

         [[ 1.1140e-01, -1.5589e-02, -1.1299e-01, -3.5724e-02,  1.8134e-02],
          [ 1.6848e-01, -8.1210e-02, -1.8864e-03, -2.3974e-02, -7.8688e-03],
          [ 2.0874e-01,  7.0632e-02,  1.3801e-01,  6.8835e-02,  1.7568e-01],
          [ 5.7981e-02, -2.2767e-02,  5.7662e-02,  3.6756e-02,  1.6143e-01],
          [-6.3556e-02, -9.5498e-02, -5.0286e-02, -1.8320e-01, -4.1922e-02]],

         [[ 6.3419e-02, -6.6254e-02,  3.1349e-02, -7.8107e-02, -4.0034e-02],
          [ 5.4837e-02, -6.7774e-02, -6.9402e-03,  4.3538e-02, -4.5425e-02],
          [ 2.2256e-02, -6.6315e-02,  7.2787e-02,  8.6293e-02, -2.7372e-02],
          [ 6.8155e-02, -2.5101e-02,  1.4327e-02,  7.4105e-02,  9.1583e-02],
          [ 2.0272e-02, -2.0771e-02,  2.5197e-03,  1.1578e-02,  1.2876e-01]]],


        ...,


        [[[ 2.1038e-01,  3.5462e-01,  2.1734e-01, -6.2854e-02, -5.2251e-02],
          [ 1.0008e-01,  1.7880e-01,  2.2585e-01,  1.0929e-01, -2.5764e-01],
          [ 1.9222e-01,  2.0813e-01,  1.7675e-01,  9.1196e-02, -7.4747e-02],
          [ 2.0597e-01,  2.0550e-01,  7.3067e-02, -4.2973e-02,  1.3767e-02],
          [ 2.6532e-01,  2.3728e-01, -6.4914e-03, -4.9723e-02, -1.3616e-01]],

         [[-6.8367e-02,  2.8731e-02,  4.6353e-02,  1.0516e-01, -6.6814e-02],
          [-5.1402e-02,  3.1930e-02, -1.0045e-01, -5.4898e-02, -1.9132e-01],
          [-1.8011e-01, -8.4133e-02, -1.7943e-01, -2.3114e-01, -1.7459e-01],
          [-2.3961e-01, -1.5114e-01, -2.1186e-01, -3.2372e-02,  6.7710e-02],
          [-1.7820e-01, -6.5883e-02, -4.8603e-02,  1.7702e-01,  1.1877e-01]],

         [[ 1.1878e-01,  1.4961e-01, -7.8054e-03, -9.0214e-02, -9.4920e-02],
          [ 1.3745e-01,  4.3631e-03,  5.1740e-02,  3.6016e-02, -2.6943e-02],
          [ 3.6074e-01,  9.4551e-02, -8.0354e-02,  2.5327e-02,  2.7332e-02],
          [ 1.8276e-01, -3.3016e-02, -7.4504e-02, -1.9448e-01, -1.9455e-01],
          [ 1.5178e-01,  2.1455e-02, -2.5205e-01, -3.1449e-01, -2.2558e-01]],

         ...,

         [[ 6.8894e-02, -2.8063e-02, -1.4610e-01, -2.2318e-01,  2.1185e-02],
          [-1.4843e-02, -1.6840e-01, -7.3533e-02, -1.5328e-01,  3.5078e-02],
          [-2.2236e-01, -2.1491e-01,  5.7085e-02,  7.4922e-02,  2.0734e-01],
          [-1.8669e-01, -1.8798e-01,  9.2326e-02,  1.1907e-01,  1.9163e-01],
          [-2.0877e-01, -2.8338e-01, -8.4016e-02, -8.1251e-02, -2.4578e-02]],

         [[-9.4314e-03,  1.3420e-01,  8.8791e-02, -1.4679e-01, -5.4331e-02],
          [-4.2816e-02,  3.2823e-02, -5.0448e-02, -2.3813e-01, -2.2816e-01],
          [ 3.1592e-02, -1.5448e-01, -3.2824e-01, -5.0204e-02,  6.4240e-02],
          [-4.7198e-02, -1.7432e-01, -3.6894e-02, -5.4309e-02,  7.7122e-02],
          [ 1.3004e-02, -1.5250e-01, -7.1585e-02, -2.2262e-01, -1.2377e-01]],

         [[-2.9529e-02,  9.6634e-02, -4.8649e-03,  4.9370e-02,  6.4388e-02],
          [-1.7305e-01, -1.0152e-01, -1.2197e-01, -3.5208e-02,  1.4711e-02],
          [-2.7460e-01, -1.2585e-01, -8.7316e-02, -1.9049e-02,  5.1309e-02],
          [ 8.9269e-03, -4.1857e-02, -7.4506e-02, -4.4651e-02, -1.2857e-01],
          [ 8.6916e-02, -6.8079e-02, -2.0016e-01, -2.3294e-01, -3.2116e-01]]],


        [[[-2.3784e-02,  1.2478e-01, -7.7359e-02, -2.8322e-01, -1.8115e-01],
          [-3.8539e-02, -5.5566e-02, -8.5963e-02, -1.8992e-01, -2.1348e-02],
          [-1.8541e-02, -7.6677e-02,  7.6902e-03, -1.1656e-01, -2.0757e-01],
          [-9.8844e-02, -6.6562e-02,  1.3781e-01, -8.1417e-04, -1.3708e-01],
          [-4.7390e-02, -1.1848e-01, -6.9556e-03, -1.0818e-01,  8.5686e-03]],

         [[-1.0350e-01, -2.0706e-01, -2.2252e-01, -5.8357e-02, -7.9912e-02],
          [-1.1827e-02, -1.3074e-01, -3.6530e-02, -5.1797e-02, -4.0846e-02],
          [ 4.0880e-02, -2.6612e-01, -1.2042e-02, -5.5217e-02,  7.1265e-02],
          [-7.6850e-02, -3.0805e-01, -9.0319e-02, -4.0003e-03,  4.5109e-02],
          [-2.7859e-02, -1.6419e-01, -1.3732e-01, -6.4073e-02, -1.6827e-01]],

         [[-9.7528e-02, -3.2405e-03, -2.6170e-02, -1.5601e-01, -1.6798e-01],
          [-5.9503e-02,  5.4474e-02,  1.3729e-02, -1.2282e-01, -4.8484e-02],
          [ 3.4186e-02,  1.2903e-01,  9.3761e-02, -7.2921e-03,  1.0042e-01],
          [-1.8364e-01, -4.7513e-02,  3.6418e-02, -2.7298e-02, -1.5928e-02],
          [-1.0027e-01, -9.8423e-02, -1.0201e-01, -1.4998e-01, -9.6244e-02]],

         ...,

         [[-3.3794e-02,  1.0133e-01,  8.1945e-02,  1.0279e-01,  3.5966e-02],
          [ 1.9808e-01,  2.2082e-01,  1.3625e-01,  4.7092e-02,  3.4786e-02],
          [ 2.3089e-01,  1.8745e-01,  1.2883e-01,  9.1508e-03,  1.9248e-01],
          [ 1.4867e-01,  1.1180e-01,  6.0167e-02,  9.7666e-02,  2.2609e-01],
          [ 1.3903e-01,  1.2146e-01,  4.7916e-02,  8.1717e-02,  1.4098e-01]],

         [[-1.5815e-01, -9.5992e-02, -1.4277e-02, -2.8890e-02, -1.1169e-01],
          [-2.2126e-01, -1.3117e-01,  1.6015e-01,  1.0450e-01,  1.5465e-01],
          [-2.4247e-01, -1.2529e-01,  1.1995e-01,  7.6640e-02,  2.1595e-01],
          [-2.3417e-01, -1.6637e-02,  1.7728e-01,  8.8984e-02,  1.5249e-01],
          [-3.7137e-02,  2.2237e-02,  1.9058e-01,  1.4691e-01,  7.6371e-02]],

         [[ 3.8238e-02, -1.1998e-02,  6.2155e-02, -3.2766e-02, -1.4913e-02],
          [ 1.1930e-01,  7.2684e-02,  7.2959e-03, -5.7838e-02,  1.9104e-02],
          [ 1.5463e-01,  2.3629e-02,  3.0914e-04, -4.8901e-02, -2.8703e-02],
          [ 1.0234e-01,  6.1237e-02, -2.7635e-02, -1.3349e-02,  3.7431e-02],
          [ 4.4408e-02,  6.0779e-02,  1.0479e-01,  1.9155e-01,  1.1081e-01]]],


        [[[-2.1040e-02,  4.2595e-02, -1.0221e-01,  3.8873e-02,  1.6207e-01],
          [-6.0540e-02, -1.7164e-01,  2.0614e-01,  3.4786e-01,  1.0547e-01],
          [-2.5922e-02,  1.4824e-02,  2.1369e-01,  1.3122e-01, -1.1695e-01],
          [ 6.6761e-03, -8.1597e-02, -5.6480e-02,  2.1170e-01,  1.7639e-01],
          [ 8.4790e-03,  1.2934e-02, -5.5976e-02,  7.4406e-02,  1.3597e-01]],

         [[ 1.6722e-01,  8.0081e-02, -1.6961e-01, -2.7467e-01,  6.7422e-02],
          [ 1.3718e-01, -4.9724e-02, -1.8993e-01, -1.6495e-01, -1.8133e-02],
          [ 4.0405e-02, -8.0022e-04,  2.9659e-02, -6.6765e-02, -1.1729e-01],
          [ 9.6490e-02,  2.1452e-02, -8.7811e-03, -5.6717e-02, -9.2585e-02],
          [-4.6385e-02, -2.7359e-03,  1.4527e-01,  9.5777e-02,  5.8772e-02]],

         [[-7.4595e-02, -1.0143e-01, -1.2202e-01, -1.5626e-01, -2.0776e-01],
          [-7.1123e-02, -2.8054e-01, -2.9857e-01, -9.2782e-02, -8.2646e-02],
          [ 2.9163e-02,  1.0113e-02,  5.2359e-02,  6.9385e-02,  1.0985e-01],
          [ 1.0704e-01,  6.6314e-02,  8.6846e-02,  2.1938e-01,  2.5493e-01],
          [ 1.2737e-01,  3.7855e-02, -3.5067e-02,  8.6158e-02,  2.6195e-01]],

         ...,

         [[-3.4552e-02,  6.0499e-03,  1.1349e-01, -6.0665e-02, -1.9975e-01],
          [-7.6443e-02,  6.9938e-02,  9.4916e-02, -1.0417e-01, -1.3651e-01],
          [ 5.5431e-03,  1.2320e-01,  1.2568e-01, -6.3885e-03, -7.2672e-02],
          [ 7.8043e-03,  9.1688e-02,  4.7410e-02, -1.8693e-01, -3.2003e-01],
          [-1.3169e-01, -5.6628e-03, -7.3560e-02, -2.2096e-01, -3.0128e-01]],

         [[-7.5079e-02, -2.1722e-01, -4.0756e-01, -6.9246e-02, -4.7785e-02],
          [-1.1384e-01, -2.5363e-01, -3.2433e-02,  2.0865e-01, -6.7291e-02],
          [ 5.4801e-02,  1.3963e-01,  2.0617e-01,  1.6236e-01,  3.6708e-02],
          [ 2.5201e-02,  7.6303e-02,  2.0096e-01, -6.1032e-02, -1.6572e-01],
          [ 1.0503e-01,  1.2006e-02, -1.5841e-01, -1.7862e-01, -1.1138e-01]],

         [[-2.8559e-02,  1.3880e-02,  2.2850e-03,  9.4285e-06, -1.0352e-01],
          [-1.0884e-01, -5.6221e-02, -6.6513e-02, -1.3333e-01, -3.4640e-02],
          [-4.3575e-02,  1.0924e-02, -3.5176e-02,  3.4220e-02,  1.2105e-01],
          [-1.3988e-02, -1.3832e-02, -6.1266e-02,  1.9909e-02,  1.1627e-01],
          [-4.4759e-02,  2.9937e-03,  6.3653e-02,  1.5804e-02,  1.2847e-01]]]],
       requires_grad=True)

Parameter name: conv2.bias, Size: torch.Size([8])
Values: Parameter containing:
tensor([-0.0087,  0.0018, -0.0184,  0.0048, -0.0146, -0.0219,  0.0061, -0.0094],
       requires_grad=True)

Parameter name: conv3.weight, Size: torch.Size([4, 8, 3, 3])
Values: Parameter containing:
tensor([[[[-0.1926, -0.2763, -0.0880],
          [ 0.0365, -0.1072,  0.1153],
          [ 0.0781,  0.0480, -0.1792]],

         [[-0.0790, -0.0783,  0.0202],
          [-0.0856, -0.0414, -0.1263],
          [-0.0454,  0.1129,  0.1823]],

         [[-0.0028,  0.0852,  0.0459],
          [-0.0154,  0.1280,  0.1857],
          [-0.0015, -0.0392, -0.1868]],

         [[-0.1594, -0.0897,  0.1192],
          [-0.2833,  0.0071,  0.3398],
          [-0.2072, -0.2171,  0.1547]],

         [[ 0.0057,  0.1741,  0.1595],
          [ 0.0587, -0.0026, -0.0140],
          [-0.0031, -0.1009, -0.1566]],

         [[-0.2195, -0.1538, -0.1456],
          [-0.0823, -0.0902, -0.0966],
          [-0.0241, -0.1148,  0.0644]],

         [[ 0.1854,  0.0945,  0.1990],
          [-0.0156, -0.0175, -0.1302],
          [ 0.0170,  0.0657, -0.0394]],

         [[ 0.0048, -0.2363,  0.0160],
          [ 0.0807,  0.1231,  0.3030],
          [ 0.1442, -0.0628,  0.1372]]],


        [[[-0.0058,  0.0109,  0.0667],
          [-0.2459,  0.1038, -0.2119],
          [-0.2029,  0.3109, -0.0043]],

         [[ 0.1513,  0.1209,  0.2151],
          [-0.0560,  0.0709,  0.0216],
          [-0.0432, -0.2678,  0.0347]],

         [[ 0.0325,  0.1119, -0.0146],
          [-0.2709, -0.1341, -0.0555],
          [ 0.0607,  0.0336,  0.2178]],

         [[ 0.0641,  0.2641,  0.1455],
          [-0.0192, -0.0333, -0.2136],
          [ 0.2296, -0.1514, -0.1689]],

         [[-0.0084,  0.2880,  0.2213],
          [ 0.0529,  0.0615, -0.1043],
          [-0.1064, -0.1916, -0.2628]],

         [[ 0.0929,  0.0510, -0.0666],
          [ 0.3123,  0.1097, -0.0775],
          [ 0.1021,  0.0106, -0.3493]],

         [[-0.0687, -0.2459,  0.1329],
          [-0.0398,  0.0162,  0.3332],
          [-0.1117,  0.1284,  0.0028]],

         [[ 0.2343, -0.0581, -0.0903],
          [-0.3739, -0.2540, -0.1983],
          [-0.2233,  0.0515,  0.2345]]],


        [[[-0.1270, -0.0754,  0.0648],
          [-0.2738,  0.0916,  0.1978],
          [-0.1162,  0.2501,  0.3990]],

         [[ 0.0169,  0.1313,  0.3131],
          [-0.1162,  0.0517,  0.0756],
          [-0.2561, -0.0238, -0.0571]],

         [[-0.0159, -0.1639, -0.1908],
          [-0.1160, -0.1015,  0.0358],
          [ 0.1059, -0.0740,  0.0912]],

         [[-0.0734,  0.0317,  0.0013],
          [ 0.0463,  0.0988, -0.0339],
          [ 0.0151,  0.1007,  0.0108]],

         [[-0.1116,  0.0184, -0.1363],
          [ 0.1956,  0.3204,  0.1068],
          [ 0.0860, -0.2906, -0.2387]],

         [[-0.2083,  0.1600,  0.2160],
          [-0.1764,  0.1855,  0.2445],
          [-0.0272, -0.0607, -0.1223]],

         [[-0.0636, -0.0220, -0.0464],
          [-0.2448, -0.1664, -0.1355],
          [ 0.1805, -0.0034, -0.1153]],

         [[-0.1724, -0.0660, -0.1417],
          [-0.2033, -0.1827,  0.2586],
          [-0.1517,  0.0451,  0.3953]]],


        [[[-0.0408,  0.1880,  0.0779],
          [ 0.0075,  0.1450,  0.0414],
          [-0.0642, -0.0164,  0.0075]],

         [[-0.0762,  0.1270,  0.1118],
          [-0.0512, -0.1680,  0.0695],
          [-0.0204,  0.0500,  0.2522]],

         [[-0.0727, -0.3688, -0.0840],
          [ 0.1883, -0.0150, -0.3112],
          [ 0.0063,  0.1237,  0.2187]],

         [[-0.0615, -0.1672,  0.0894],
          [-0.0973, -0.1954, -0.0185],
          [-0.1618, -0.2058,  0.1040]],

         [[ 0.1775, -0.0403, -0.0358],
          [ 0.1406, -0.0372, -0.2690],
          [ 0.1280, -0.2165,  0.0359]],

         [[-0.0490,  0.0704,  0.1254],
          [-0.0157,  0.0505, -0.0147],
          [ 0.1283, -0.1009, -0.2531]],

         [[ 0.1001,  0.1950,  0.2561],
          [-0.1964,  0.0461,  0.0276],
          [-0.0474,  0.2539,  0.0675]],

         [[ 0.0700,  0.2022,  0.0951],
          [ 0.0417, -0.0921, -0.0565],
          [ 0.0092, -0.1420,  0.1024]]]], requires_grad=True)

Parameter name: conv3.bias, Size: torch.Size([4])
Values: Parameter containing:
tensor([-0.0015, -0.0210, -0.0271,  0.0274], requires_grad=True)

Parameter name: fc_layer.weight, Size: torch.Size([10, 36])
Values: Parameter containing:
tensor([[-1.3163e-02,  6.0264e-02, -1.1234e-02, -1.1895e-01, -1.9668e-01,
         -1.6838e-01,  7.2212e-02,  1.3427e-01, -2.3078e-01, -1.9457e-01,
          3.8952e-03, -1.3818e-03,  2.2208e-01, -8.2676e-02,  1.3390e-01,
          1.0447e-01, -3.1555e-01, -2.8403e-01, -1.4532e-01,  1.0086e-01,
          3.6989e-02,  7.0125e-02, -9.9165e-02,  1.6486e-01,  5.0514e-02,
         -2.7790e-01,  4.1159e-02, -1.6080e-01, -5.9073e-02,  6.4106e-02,
          1.6261e-01, -9.9982e-03,  4.9591e-02,  5.2244e-02, -2.4539e-02,
          1.2217e-01],
        [-2.9483e-01,  8.9866e-02,  5.4515e-02, -3.5949e-01,  4.2751e-02,
          1.6383e-02,  4.4711e-02,  5.9700e-02, -1.1714e-02,  1.1989e-01,
          1.4385e-01, -3.9375e-02, -4.7526e-01,  1.8211e-01, -2.5093e-01,
          6.0155e-02,  4.2868e-02, -1.8520e-01, -1.7602e-01, -2.1017e-01,
          9.1531e-02,  8.3215e-03,  4.1442e-02, -1.5886e-01,  4.1935e-03,
          1.2203e-01,  2.4020e-02, -1.0290e-01,  1.7028e-01,  6.9235e-03,
          1.3864e-01,  2.4270e-01,  3.2359e-02,  5.6686e-02, -7.0047e-02,
          2.4603e-01],
        [-2.7650e-02, -4.5337e-02, -3.3024e-01,  1.4753e-01, -1.6257e-01,
          1.1298e-01,  1.7867e-01,  1.2854e-01,  2.2912e-01, -1.8142e-02,
         -2.1828e-02,  2.5329e-02, -1.0149e-01,  5.9513e-02,  1.6494e-01,
          4.6399e-02, -9.0689e-02, -2.9374e-01, -7.1242e-02,  3.1550e-02,
         -2.5482e-01,  1.2107e-01,  2.7351e-01,  3.0626e-02,  1.0368e-01,
         -1.4262e-01,  1.1574e-01,  2.1146e-01, -1.6020e-02,  1.9816e-01,
         -2.2609e-01, -4.1380e-02,  7.1298e-03,  1.6755e-01, -3.8368e-01,
         -2.8826e-01],
        [ 2.1178e-01,  1.5377e-03, -2.9017e-01, -1.5528e-01,  1.7590e-02,
         -1.5423e-01,  2.1229e-01, -9.5802e-02, -5.0974e-03, -4.4043e-01,
          1.7203e-01,  2.7732e-01, -2.5622e-01, -1.3036e-01, -5.6421e-03,
         -7.8460e-02, -1.8474e-01,  1.6262e-01, -3.4193e-03,  5.3538e-02,
         -2.2966e-01,  9.9409e-02,  1.4581e-01, -1.5986e-01, -1.6685e-01,
          1.9957e-01, -1.5204e-02,  1.4601e-01, -3.8713e-02,  1.9949e-02,
         -2.7557e-01, -1.1768e-01, -5.0619e-02, -4.9017e-01,  2.6702e-01,
          9.1452e-02],
        [-2.8743e-01, -2.4986e-01,  2.5667e-01,  2.0713e-01,  1.0889e-01,
          1.6329e-01, -2.0433e-01, -2.4984e-01, -9.0249e-02,  1.9717e-01,
          1.6078e-01,  8.2750e-02,  1.7785e-01, -1.2834e-01, -1.5193e-01,
         -6.3459e-02,  1.2496e-01, -2.7354e-01, -1.1126e-01, -2.3796e-01,
          1.1291e-01,  1.3597e-01, -2.4867e-01, -2.6759e-01,  2.6385e-02,
          2.0984e-01,  1.4453e-01, -5.0158e-02, -1.8664e-02,  1.8699e-01,
          9.9442e-02,  4.9629e-02,  8.2175e-02, -7.3917e-02, -1.1273e-01,
         -2.4051e-01],
        [-1.0042e-01,  8.6507e-02,  2.7120e-01, -5.8623e-02,  4.1621e-02,
         -3.6007e-02,  9.8611e-02, -3.8293e-02,  3.8532e-03,  2.5931e-01,
         -2.4074e-02, -2.7860e-01, -2.1507e-01, -1.1129e-01,  3.4659e-02,
         -2.7021e-01, -3.6139e-02,  2.3970e-01,  1.4709e-01,  8.4836e-02,
          1.0792e-02,  1.8683e-02, -3.1690e-01,  2.4016e-01, -1.9816e-01,
         -7.7614e-03,  4.8570e-02, -6.1240e-03,  1.0902e-01, -3.6479e-01,
          9.7632e-03, -2.4019e-02, -2.9037e-01, -2.7957e-01,  6.6381e-02,
          1.0611e-01],
        [-2.9757e-01, -1.8144e-01,  7.8680e-02,  1.3226e-04,  2.9144e-01,
         -9.8828e-03, -8.2465e-02,  5.5915e-02, -1.1606e-01,  1.5915e-01,
          5.1982e-02, -2.9181e-01,  1.6487e-01, -7.5215e-02,  1.5724e-01,
         -1.9258e-01, -6.2396e-01, -3.3167e-02, -1.5615e-01, -1.0110e-01,
          1.0102e-01,  4.9509e-02, -1.5678e-02,  1.4714e-01,  7.6772e-02,
         -3.7024e-01, -2.7614e-02,  4.1001e-01,  2.3920e-01, -2.1642e-01,
          2.3296e-02, -7.1074e-02, -3.4282e-01, -1.9833e-02,  6.6622e-02,
          1.3260e-01],
        [ 1.6927e-01,  9.4331e-02,  3.7950e-02, -1.0323e-01, -9.5834e-02,
          5.4849e-02, -3.3349e-01, -5.2659e-02,  5.2772e-02, -4.5563e-01,
         -2.3285e-01, -1.0924e-01,  1.6878e-01,  1.1197e-01,  2.9256e-02,
          1.4076e-01,  2.4547e-01, -2.5349e-01,  1.2302e-01,  1.9962e-01,
          1.1883e-01, -3.7225e-01,  1.8842e-01, -1.0881e-01, -4.1846e-02,
          1.3569e-01,  1.5470e-01, -1.3519e-01, -4.7601e-02,  2.0403e-01,
          1.2064e-01, -6.8603e-02, -2.2771e-01,  4.6216e-02,  1.6568e-01,
          9.5902e-02],
        [ 6.4888e-02,  1.6671e-01, -1.3495e-01,  9.5276e-02,  9.9125e-02,
          2.6905e-03, -9.3427e-02, -2.1234e-01,  2.3438e-01,  2.0638e-01,
         -7.3192e-02,  2.3067e-01, -5.9828e-02, -2.3816e-01, -7.0177e-02,
          1.5779e-02, -1.6393e-01,  8.6020e-02,  1.4251e-01,  1.0451e-01,
         -6.1390e-02,  4.6714e-02, -3.5686e-02, -1.3378e-01,  3.3047e-01,
         -3.0809e-01,  1.2984e-01, -2.3618e-02, -1.6546e-01, -1.2614e-02,
          5.3320e-02,  1.6261e-01,  3.5478e-03, -1.5707e-01,  1.4615e-02,
         -1.7885e-01],
        [ 1.8314e-02,  1.2626e-01, -3.6355e-01,  1.7403e-01,  7.5617e-02,
         -3.1678e-01, -1.1494e-01, -1.4348e-01,  1.5367e-01, -9.3158e-02,
         -1.6435e-01,  7.8312e-02,  1.1333e-01, -8.8958e-02,  1.0257e-01,
         -8.2360e-02,  1.1026e-01, -1.0323e-01,  1.6724e-01,  7.8325e-02,
         -1.9587e-01,  1.8793e-01, -2.1085e-01, -9.7544e-02, -2.4851e-01,
          1.9380e-01, -1.5624e-01, -2.1095e-02, -3.9190e-01,  9.6144e-03,
         -3.2576e-02,  1.8392e-01, -6.9107e-02,  6.3667e-02,  8.0492e-02,
         -9.3506e-02]], requires_grad=True)

Parameter name: fc_layer.bias, Size: torch.Size([10])
Values: Parameter containing:
tensor([-0.0123,  0.0406, -0.0523,  0.0228, -0.0380, -0.0061, -0.0247,  0.0842,
        -0.0271, -0.0944], requires_grad=True)


 
  EXPERIMENT 2 PARAMETERS 
 
 Parameter name: conv1.weight, Size: torch.Size([16, 1, 7, 7])
Values: Parameter containing:
tensor([[[[ 9.5286e-02,  2.2060e-01,  1.3028e-01,  2.9264e-02, -1.8116e-01,
           -4.4256e-01, -3.3829e-01],
          [ 1.6119e-01,  3.2526e-01,  8.8188e-02,  2.1479e-01, -1.1976e-01,
           -3.3836e-01, -1.9628e-01],
          [ 9.5434e-02,  4.5400e-02,  8.5574e-02, -1.2288e-01, -5.3271e-01,
           -4.2219e-01, -3.2223e-02],
          [ 2.2842e-01, -1.8468e-02, -1.5227e-01, -2.9603e-01, -2.7826e-01,
           -2.0701e-01, -1.2460e-02],
          [-1.3447e-02, -1.7503e-01, -5.3405e-02, -1.2432e-01, -2.7513e-01,
           -6.3549e-02, -2.1135e-02],
          [-8.8186e-02, -3.0991e-02, -1.5722e-01, -1.9380e-01, -1.4295e-01,
            3.8105e-02,  1.1010e-02],
          [-1.1089e-01, -3.3624e-01, -4.2992e-01, -3.3351e-01,  1.0975e-01,
            2.4062e-01,  2.9352e-01]]],


        [[[-6.3244e-03,  2.3316e-02,  5.5997e-02,  1.4590e-02,  1.3498e-01,
           -2.2485e-01, -1.2491e-01],
          [-1.7546e-01, -3.0028e-02, -1.4689e-01,  5.9955e-02,  2.4195e-02,
            9.7765e-02, -2.1015e-02],
          [-8.4584e-02, -7.1327e-02, -1.4173e-01, -9.0835e-02,  6.0953e-02,
            1.1264e-01,  3.8836e-02],
          [-8.4266e-02,  4.2487e-02, -1.2899e-01, -1.2405e-01, -5.9285e-02,
           -2.3175e-01, -1.2340e-01],
          [-3.1032e-02,  7.0331e-02, -1.0208e-01, -8.7032e-02, -8.7928e-02,
           -2.3472e-01, -3.6742e-02],
          [-4.6000e-02, -6.2813e-03, -4.3953e-02,  1.4102e-01,  1.1174e-01,
            6.5234e-02,  1.4927e-01],
          [-8.7243e-02, -3.2794e-02, -8.7793e-04,  7.9713e-03, -5.3055e-02,
           -2.0079e-01, -9.4450e-02]]],


        [[[ 1.2554e-01, -5.3765e-02, -1.2945e-01, -1.0582e-01, -1.5322e-01,
           -1.3072e-01, -1.8904e-01],
          [ 3.7517e-02,  1.8722e-01,  6.1670e-02, -1.0841e-01, -1.6084e-01,
           -3.1398e-01, -9.3031e-02],
          [ 1.3792e-01,  7.8085e-02,  1.1804e-01,  1.0298e-01, -6.5629e-02,
           -2.2114e-01, -2.7065e-01],
          [ 6.8432e-02,  1.4877e-01,  2.4222e-01,  1.9282e-01,  1.3693e-02,
           -1.2128e-01, -3.3628e-01],
          [-1.2642e-01, -3.0218e-02,  5.5648e-02,  1.9721e-01,  1.0017e-01,
           -1.6641e-02, -2.9183e-01],
          [-1.3478e-01, -1.8253e-01, -2.0448e-01,  2.4042e-02,  2.3407e-03,
           -1.1037e-01, -7.8531e-02],
          [-2.8436e-01, -1.3579e-01, -1.9624e-01,  1.0074e-01,  1.2873e-01,
            8.8407e-03, -2.6100e-01]]],


        [[[ 3.4423e-02,  4.5454e-02, -7.6178e-02, -2.6228e-01, -3.2399e-01,
           -3.6556e-01, -3.7092e-01],
          [ 3.0280e-02, -5.8775e-02, -1.9575e-01, -2.1989e-01, -1.2357e-01,
           -4.3849e-02, -2.7978e-01],
          [ 1.2377e-01,  7.3005e-02, -3.9916e-01, -1.7455e-01,  3.2163e-02,
            5.2091e-02,  7.3997e-02],
          [ 6.3731e-02, -2.2331e-01, -1.5390e-01,  1.1298e-02, -1.0370e-01,
            3.7545e-02,  2.4975e-01],
          [-1.6590e-01, -2.2924e-01, -2.4153e-02,  1.1882e-01,  1.5722e-01,
            1.5626e-01,  1.6729e-01],
          [-4.0067e-01, -2.9185e-01, -1.0221e-01,  8.7408e-02,  1.3176e-01,
            1.4322e-02, -9.7908e-02],
          [-1.2404e-01, -1.6897e-01, -5.9852e-02, -3.4360e-02,  6.9258e-03,
           -3.9123e-04, -1.0325e-01]]],


        [[[-1.1401e-01,  2.4359e-02, -1.2873e-02,  3.9276e-02,  8.4890e-02,
            7.7331e-02, -1.3212e-01],
          [-9.7896e-02, -2.4539e-02, -7.2621e-02,  2.1301e-02,  1.3877e-01,
            8.6228e-02, -6.6875e-02],
          [-9.1846e-02, -1.4467e-01, -4.6628e-02, -2.7305e-02,  1.6294e-01,
            1.7869e-01, -1.4839e-01],
          [-3.2759e-01, -1.1386e-01, -1.5884e-01, -1.3009e-01,  1.0966e-01,
           -1.8959e-02, -1.1322e-01],
          [-3.4494e-01, -2.9673e-01, -3.3925e-02, -7.5071e-02,  1.3387e-01,
            9.9114e-02, -2.0909e-01],
          [-1.2497e-01, -1.4444e-01, -9.9050e-02, -2.0726e-03, -6.9777e-02,
            1.6149e-02, -4.8071e-02],
          [-6.4720e-03,  8.6616e-03,  4.9301e-02, -2.2514e-02,  8.5688e-02,
            1.2211e-01,  1.9231e-01]]],


        [[[ 1.4548e-01,  1.5746e-01,  2.0292e-01,  2.2303e-01,  3.6258e-02,
           -1.5478e-01,  8.9516e-02],
          [-4.4783e-02, -4.7664e-02,  3.9787e-02,  2.6005e-01,  1.5507e-01,
           -6.0888e-02,  3.4131e-02],
          [ 4.2375e-02, -1.1973e-03, -1.1842e-01, -1.7777e-02,  2.5412e-01,
            1.6172e-02,  1.9238e-02],
          [-2.5971e-01, -3.3328e-01, -2.1076e-01, -1.3737e-01,  2.2106e-02,
            1.2979e-01,  2.7821e-02],
          [-2.7576e-01, -2.9466e-01, -1.8873e-01, -1.2943e-01,  1.2552e-02,
            1.3344e-01,  1.4615e-01],
          [ 1.3277e-01, -4.7057e-02, -9.6152e-02, -2.8237e-02, -1.9829e-01,
           -2.0979e-01, -2.7674e-01],
          [ 7.2195e-02,  2.0955e-01,  7.9955e-02, -3.1172e-02, -1.0888e-01,
           -9.0453e-02, -9.7504e-03]]],


        [[[-1.8465e-01,  1.6924e-02,  6.2303e-02,  2.1354e-01,  9.9183e-03,
           -1.3086e-01, -2.0867e-01],
          [-7.5944e-02, -1.3102e-01,  1.0895e-01,  1.9049e-01,  1.1824e-02,
           -2.5959e-01, -9.7496e-02],
          [-2.6952e-01, -5.2876e-02,  4.4811e-02,  1.6616e-01, -5.6668e-02,
           -1.4840e-01, -1.4611e-01],
          [-6.3116e-02, -3.9456e-02,  1.3030e-01,  1.4654e-01,  2.0423e-01,
            9.6400e-02,  7.3383e-02],
          [-5.6490e-02,  4.0694e-02, -6.4167e-02,  4.3032e-02,  1.1448e-01,
            3.6310e-02, -9.8869e-02],
          [-1.2273e-01, -7.6173e-02,  9.6390e-02,  1.4910e-01,  3.1557e-02,
            8.3497e-02,  8.6643e-02],
          [-3.4207e-01, -1.4261e-01, -6.1914e-02, -1.8685e-01, -7.3121e-02,
            5.2823e-03,  8.4963e-02]]],


        [[[ 2.3702e-01,  1.8251e-01,  1.0066e-01,  1.6435e-01,  4.5418e-02,
            2.0376e-01, -2.6523e-02],
          [ 7.4002e-02,  7.6165e-02, -2.3548e-02, -1.6039e-02,  1.6252e-01,
            2.6983e-02, -1.5489e-02],
          [ 2.1765e-02, -8.9489e-02,  1.1851e-01,  1.1960e-01, -3.2765e-02,
           -9.5888e-02, -3.0046e-01],
          [-3.6945e-01, -4.5731e-01, -2.5564e-01, -2.6116e-01, -3.6275e-01,
           -2.4297e-01, -5.0725e-01],
          [-2.8346e-01, -2.5932e-01, -4.0257e-01, -2.6837e-01, -1.7844e-01,
           -5.5126e-02, -3.2363e-01],
          [ 7.0819e-02,  4.7004e-02, -2.7502e-01, -1.6414e-01, -2.4396e-01,
           -6.5645e-02,  5.8102e-02],
          [ 1.1820e-01,  1.9590e-01, -1.1175e-01, -1.1791e-01, -2.3902e-01,
           -1.8930e-01, -2.7121e-02]]],


        [[[ 4.2943e-02, -8.7116e-03, -9.8496e-02,  1.4947e-01,  2.2565e-01,
            1.6580e-01,  1.4808e-01],
          [-2.2931e-01, -6.9322e-03,  1.4023e-01,  6.7432e-02,  6.3997e-02,
            8.7365e-02, -1.7539e-01],
          [-1.4088e-01,  3.2973e-02,  8.1620e-02, -7.5986e-02,  4.5052e-03,
           -1.7725e-01, -2.4588e-01],
          [-3.5282e-01, -4.2487e-01, -2.1041e-01, -9.1235e-02, -1.5302e-01,
           -1.9291e-01, -2.0528e-01],
          [-2.0718e-01, -3.5744e-01, -3.6524e-01, -3.9161e-01, -6.1127e-02,
           -1.8112e-01, -2.4037e-01],
          [ 8.2840e-02,  1.1989e-01,  4.9724e-02, -7.3703e-03, -8.9859e-02,
           -1.2624e-01,  1.0261e-01],
          [ 2.6927e-01,  2.3181e-01,  1.2501e-01,  1.9785e-01,  1.1891e-01,
            1.3905e-01,  1.7107e-01]]],


        [[[ 1.0414e-01,  2.1989e-01,  1.5977e-01, -1.5753e-01, -2.2833e-01,
           -1.5922e-01, -1.8892e-01],
          [ 5.7660e-02,  1.4504e-01, -2.8469e-01, -4.6258e-01, -3.4606e-01,
           -2.4907e-01, -2.0741e-01],
          [-9.9986e-02, -3.4362e-01, -5.3343e-01, -2.9402e-01, -5.6112e-02,
            1.1551e-03, -9.5794e-02],
          [-1.0468e-01, -4.2901e-01, -1.7734e-01,  1.6352e-01,  2.7366e-01,
            1.6879e-01, -9.5362e-02],
          [-2.5098e-01, -2.4909e-01,  2.4096e-01,  1.7898e-01,  5.0961e-02,
           -7.7565e-02, -1.5141e-01],
          [-3.3883e-01, -1.4559e-01,  1.6491e-01,  2.3472e-01,  1.2297e-01,
           -1.4046e-01, -2.0635e-01],
          [-4.7115e-01, -3.9385e-02, -3.5926e-02,  9.4997e-02,  6.7134e-02,
            3.1743e-02, -2.5473e-02]]],


        [[[ 5.6298e-02, -2.1962e-02, -7.7073e-02,  2.4083e-02, -8.0344e-02,
           -1.1711e-01, -8.0466e-02],
          [ 7.7298e-04, -8.3248e-02,  4.5035e-02, -4.7126e-02, -6.1689e-02,
            3.6448e-03, -6.2003e-02],
          [ 8.2236e-03, -1.0788e-02,  8.6423e-02, -2.0068e-01, -2.2701e-01,
           -1.2451e-01,  1.9089e-01],
          [-9.5241e-03, -7.3464e-02, -3.1251e-02, -1.3198e-01, -1.7245e-01,
           -7.3523e-02,  2.0966e-01],
          [-4.0696e-02, -8.4590e-02, -1.3681e-01, -1.0368e-01, -1.3606e-01,
            6.8512e-02,  2.1737e-01],
          [ 6.0172e-02, -1.0045e-01, -5.7492e-02, -3.8147e-02,  4.2687e-02,
           -4.9084e-02,  1.3521e-01],
          [-2.4232e-01, -1.3162e-01, -3.0934e-02,  1.1341e-01, -6.9806e-02,
           -8.4383e-02,  1.1003e-01]]],


        [[[-2.2738e-01, -1.6571e-01, -6.2202e-02,  6.5012e-02,  6.1907e-02,
            1.0980e-01, -2.7500e-02],
          [-2.6632e-01, -1.7421e-01,  9.7908e-02,  4.4328e-02, -3.2045e-03,
            1.9718e-01,  1.9872e-01],
          [-9.0358e-02, -1.4716e-01, -2.1335e-02,  1.8490e-01, -7.4415e-02,
            1.8357e-01,  3.7666e-01],
          [ 4.2027e-02, -1.7236e-01, -3.9881e-02,  7.7708e-02, -8.1269e-02,
           -2.2684e-01, -6.9535e-02],
          [ 2.2687e-02, -1.3929e-01, -1.2369e-01, -2.4839e-01, -3.1389e-01,
           -3.8156e-01, -1.4154e-01],
          [-3.1864e-02, -1.2447e-01, -1.8832e-01, -1.9936e-02, -7.9597e-02,
           -1.2149e-01, -2.4042e-01],
          [ 1.7269e-02, -1.0978e-01,  1.8742e-01,  1.0674e-01,  1.8677e-01,
            2.0243e-01,  6.8553e-02]]],


        [[[-2.2334e-02,  4.0394e-02, -7.5850e-02, -2.7934e-02, -3.6007e-02,
           -2.9576e-01, -1.1595e-02],
          [ 1.4060e-01,  1.5367e-01,  1.5650e-03, -4.0374e-02, -1.5877e-03,
           -7.8146e-02, -1.3102e-02],
          [ 4.4578e-02,  9.1424e-02,  1.4356e-01,  8.8479e-02, -5.0219e-02,
            1.5667e-01,  8.9175e-02],
          [ 1.3986e-01,  5.9142e-02, -1.1132e-02,  1.8247e-01,  2.2288e-01,
            1.2883e-01,  2.4429e-01],
          [ 4.6631e-02,  1.4396e-01,  4.3894e-02,  1.5467e-01,  1.7916e-01,
            5.0069e-04,  2.8287e-02],
          [ 1.0635e-01,  4.6232e-02,  1.3086e-01, -9.7684e-02, -1.8238e-01,
           -2.1340e-01, -1.6624e-01],
          [-1.1543e-01, -2.1328e-01, -2.2244e-01, -3.1460e-01, -3.5666e-01,
           -1.3141e-01, -1.3848e-01]]],


        [[[ 2.8265e-02,  8.4169e-02, -2.8922e-02,  1.3810e-01, -6.3446e-02,
           -2.8356e-01, -3.3268e-01],
          [-4.0295e-02, -3.5380e-02,  8.1577e-02,  1.3186e-01,  7.5574e-02,
            7.8249e-02, -7.3978e-02],
          [-4.1571e-02,  4.1045e-02, -9.5749e-02, -3.6112e-02,  2.2015e-01,
            2.5800e-01,  1.7798e-01],
          [-9.2270e-02, -1.0002e-01, -3.8732e-03,  2.9800e-03, -1.2138e-01,
            1.0548e-01,  4.7693e-02],
          [ 2.5342e-02, -8.4572e-03, -9.7613e-02, -1.6600e-01, -8.6707e-02,
            2.8213e-02,  1.2844e-01],
          [-7.2114e-02,  7.1460e-02, -1.4575e-01, -1.8856e-01, -2.0505e-01,
           -2.1675e-01, -1.3565e-01],
          [-1.6863e-01,  3.7558e-02, -1.9155e-02,  6.5242e-02,  4.8181e-02,
           -2.4129e-03,  8.3457e-02]]],


        [[[ 1.2087e-01, -9.0455e-02, -4.0232e-02, -8.6284e-02, -1.7535e-01,
           -7.2091e-02,  8.0718e-02],
          [ 1.6298e-01,  2.9966e-02, -1.4870e-01, -9.3224e-02, -3.8350e-02,
           -1.8281e-01,  5.3216e-02],
          [ 2.3084e-01,  2.0798e-01,  1.7420e-02, -1.4143e-01, -1.5563e-01,
           -1.2907e-01,  1.2845e-01],
          [ 2.7790e-01,  2.9529e-02, -7.2837e-02, -1.7755e-01, -1.4340e-01,
           -1.7213e-02, -2.8054e-02],
          [ 1.4514e-01, -3.2633e-02, -1.5130e-01, -2.1146e-01,  5.5588e-02,
            2.0062e-02, -1.1974e-01],
          [ 2.3375e-01, -1.3645e-01, -3.3184e-02,  9.5072e-04, -3.5919e-02,
           -2.0089e-02, -1.1032e-01],
          [ 1.6491e-01,  5.1668e-02, -5.6102e-02,  1.9161e-01,  1.2353e-01,
           -1.7731e-01, -6.7897e-02]]],


        [[[-3.9652e-02,  1.2749e-01,  1.4012e-01,  2.3021e-01, -1.0194e-01,
           -7.8129e-02, -2.3748e-01],
          [ 9.1278e-02,  2.0032e-01, -4.7608e-04,  1.2361e-01, -6.1576e-02,
           -1.8998e-01, -2.0855e-01],
          [-6.9309e-02,  1.5041e-01,  1.5146e-01,  9.9132e-02, -1.5902e-01,
           -2.6011e-01, -2.2886e-01],
          [ 1.3330e-02,  8.7981e-02,  9.8041e-02,  4.2414e-02, -9.3675e-02,
           -1.7337e-01, -3.0186e-01],
          [ 1.2201e-01, -9.2602e-02,  7.6206e-02,  1.2255e-01,  5.5821e-04,
           -2.9544e-01, -3.7576e-01],
          [-3.7185e-02,  3.9986e-03,  6.7748e-02,  9.7705e-02, -1.0645e-01,
           -2.8519e-01, -2.8913e-01],
          [-6.8612e-02, -3.3326e-03, -4.0824e-02, -7.3848e-02, -2.1195e-01,
           -2.4467e-01, -1.3036e-01]]]], requires_grad=True)

Parameter name: conv1.bias, Size: torch.Size([16])
Values: Parameter containing:
tensor([ 0.0889,  0.0549,  0.0033,  0.0586, -0.0279, -0.0409, -0.0393, -0.0029,
        -0.0067, -0.0222, -0.0212, -0.0250,  0.0187,  0.0119, -0.0037, -0.0177],
       requires_grad=True)

Parameter name: conv2.weight, Size: torch.Size([8, 16, 5, 5])
Values: Parameter containing:
tensor([[[[-2.7432e-01, -2.1714e-01, -3.7440e-01, -3.0156e-01, -4.3255e-01],
          [-1.4014e-01, -8.8624e-02, -1.2416e-01, -3.0237e-01, -4.2883e-01],
          [-5.3025e-03,  1.1626e-01, -2.0845e-02, -1.7574e-01, -7.7768e-02],
          [ 2.2096e-01,  1.7941e-01, -1.0060e-01, -1.5211e-02,  9.5803e-02],
          [ 5.9581e-02, -1.5529e-02, -2.1355e-02, -3.7401e-04,  9.4820e-02]],

         [[ 3.9482e-02,  8.1971e-02,  1.0058e-01, -6.1876e-02, -5.7803e-02],
          [ 1.3575e-03,  5.7655e-02,  4.4025e-02, -3.1455e-02, -5.3554e-02],
          [-3.1098e-03, -5.3806e-02, -1.0999e-01, -2.7704e-02,  6.7093e-02],
          [ 8.2655e-02,  1.0276e-03, -1.7740e-01, -1.7858e-01, -5.2902e-02],
          [ 9.9105e-02,  1.8607e-01, -6.9137e-02, -6.4538e-02, -3.7002e-02]],

         [[-1.3063e-01, -6.0196e-02,  1.3484e-01,  2.3808e-01,  1.6275e-01],
          [ 1.3395e-01,  1.1181e-01,  2.6040e-01,  2.5140e-01,  2.1145e-02],
          [ 6.6559e-02,  1.4300e-02,  8.4281e-03, -2.2304e-01, -2.1700e-01],
          [-6.3101e-02, -8.6282e-02, -4.6860e-02, -1.4344e-01, -5.7465e-02],
          [ 1.1454e-03, -3.1742e-02, -4.5242e-03, -4.1979e-02,  9.5191e-03]],

         ...,

         [[ 1.5865e-02,  4.5898e-02,  1.2955e-01,  8.2984e-02,  5.6086e-02],
          [-6.3340e-02, -8.8007e-03,  2.6486e-01,  1.2726e-01, -5.1532e-02],
          [-1.1412e-01,  1.4518e-02,  3.0515e-02, -6.2458e-02, -9.9945e-02],
          [ 4.4904e-02,  1.3482e-01, -3.7862e-02, -1.2183e-01, -1.4052e-01],
          [ 9.9934e-02,  1.5304e-01, -3.5675e-02,  1.8748e-02, -2.9803e-02]],

         [[-1.6126e-01, -1.2086e-01, -1.9481e-01,  5.8787e-02,  7.1593e-02],
          [-3.3163e-02, -7.4813e-02, -8.2806e-02, -1.3761e-02,  7.5914e-02],
          [-2.4931e-02,  6.5470e-02, -1.6438e-01, -2.2389e-01,  5.3691e-03],
          [-9.7185e-02,  1.3969e-02, -2.1393e-01, -2.6627e-01, -6.4117e-02],
          [-1.2706e-01, -1.9372e-01, -2.9717e-01, -3.4263e-01, -1.6377e-01]],

         [[-2.0209e-01, -8.2840e-02, -4.7308e-02,  4.3655e-02, -8.6667e-02],
          [ 4.7663e-02, -9.8667e-02, -9.7490e-02,  9.5619e-02, -3.8202e-02],
          [ 1.3555e-01, -1.7484e-01, -2.5290e-01, -6.9611e-02,  1.2212e-02],
          [-7.9186e-02, -3.3841e-01, -2.4035e-01, -6.3745e-02,  1.2817e-01],
          [-1.6146e-01, -6.5516e-03,  4.3243e-02,  5.0865e-02,  2.0857e-01]]],


        [[[ 5.7636e-02,  4.5655e-02,  5.4815e-02, -1.6355e-01, -1.7697e-01],
          [-7.3542e-02, -3.2332e-02,  6.6340e-04, -2.3786e-02,  1.4088e-02],
          [-4.3175e-02, -1.4425e-02,  5.7556e-02, -5.4368e-02, -3.5632e-01],
          [ 1.1278e-01,  1.4156e-01,  3.6328e-02, -1.8497e-01, -5.1451e-01],
          [ 2.4974e-01,  3.3993e-01,  1.7701e-01, -2.3210e-02, -1.3669e-01]],

         [[-6.1431e-02,  5.3368e-02,  5.4556e-02,  1.3022e-01, -6.2931e-03],
          [-5.8045e-02, -6.8957e-02,  3.2782e-02, -9.7802e-03, -5.6706e-02],
          [-1.1716e-01,  1.2477e-02,  7.6254e-02,  1.1379e-01,  6.9194e-03],
          [ 1.6608e-03,  3.7594e-02,  1.0806e-01, -2.2072e-02,  6.3084e-02],
          [-2.3513e-02,  8.5736e-03,  8.0001e-02, -1.2889e-01, -3.9783e-02]],

         [[-1.8408e-01,  1.3620e-01,  1.0870e-01, -1.4615e-02, -2.3164e-01],
          [-1.0901e-01,  2.1227e-01,  1.5108e-01,  5.2825e-02, -1.3141e-01],
          [-3.6663e-02,  1.4870e-02,  1.0172e-01,  8.8937e-02, -5.2297e-03],
          [ 1.1760e-01,  1.5336e-01,  7.5640e-02,  8.3493e-02, -1.4003e-01],
          [-3.2414e-02,  9.1701e-03, -6.7593e-05, -2.3463e-02, -2.1725e-02]],

         ...,

         [[ 9.9127e-02,  8.2627e-02, -3.4933e-02, -2.6123e-02,  3.1823e-02],
          [ 1.8765e-01,  1.1777e-01, -3.1066e-02, -1.8612e-01, -2.0180e-01],
          [-9.5699e-02, -5.7979e-02,  4.4017e-02,  1.2747e-01,  9.3607e-02],
          [-3.4994e-03, -1.1693e-01,  6.2008e-02,  1.5659e-01,  1.1438e-01],
          [ 4.8128e-02,  2.6680e-02,  3.3039e-02, -1.0449e-01, -2.7445e-02]],

         [[-1.8856e-02, -5.0473e-02,  3.5483e-02,  1.6537e-01, -2.1019e-02],
          [ 1.4928e-03, -3.4466e-02,  8.1703e-02,  2.7862e-01,  6.0682e-02],
          [ 7.5603e-03, -5.1749e-02,  1.3607e-02,  4.9276e-02, -1.7364e-01],
          [ 1.5885e-01,  4.2740e-02,  4.8774e-02, -7.4521e-02, -2.9296e-01],
          [ 2.2468e-01, -2.6684e-01, -1.1216e-01, -2.5375e-01, -2.1362e-01]],

         [[-1.1249e-01, -4.4237e-02, -3.0040e-03, -4.2527e-02, -1.4983e-01],
          [-9.4248e-02,  5.7931e-02,  9.8973e-02, -1.1667e-02, -2.6630e-01],
          [ 4.8151e-03,  2.1477e-02,  5.2450e-02, -1.4395e-01, -4.6412e-01],
          [ 2.5626e-02, -2.1137e-02,  7.8768e-03, -2.6286e-01, -2.9376e-01],
          [ 3.6288e-02,  1.4842e-01,  7.1564e-02,  1.4734e-02,  1.7716e-02]]],


        [[[-1.7056e-01, -1.5807e-01, -3.5844e-05, -2.1041e-01, -3.8216e-01],
          [-6.9708e-02, -6.3570e-02, -7.9419e-02, -2.1509e-01, -7.9201e-02],
          [-1.0135e-01, -5.8612e-02, -2.8921e-01, -8.0845e-02,  1.1604e-01],
          [ 6.8796e-02,  1.0994e-01,  6.3059e-02,  1.3350e-01,  2.0905e-01],
          [ 1.2011e-01,  2.1148e-01,  1.7635e-01,  1.6641e-01,  1.3875e-01]],

         [[-1.0260e-01, -1.3107e-01, -5.3781e-02,  2.0956e-02, -2.2258e-02],
          [-5.1302e-02, -3.5262e-02, -9.9672e-02,  6.5550e-02,  4.4270e-02],
          [-6.1034e-02, -1.0746e-02,  7.8740e-03,  8.5004e-03,  5.3805e-02],
          [-4.5833e-02, -1.5799e-02,  8.0136e-03, -1.2531e-01, -4.4365e-02],
          [-7.4502e-02, -3.5845e-02, -1.0088e-01, -1.1565e-01, -1.1623e-01]],

         [[-1.4072e-01,  1.4039e-02,  1.1556e-01,  2.0486e-01,  1.3224e-01],
          [ 2.0164e-01, -8.6821e-04, -1.0551e-01, -4.4122e-02, -4.8066e-02],
          [ 1.5557e-01,  4.4889e-02, -1.3061e-01, -1.9962e-01, -5.0929e-02],
          [-5.5118e-02,  1.1900e-02, -1.5514e-01, -2.1189e-01,  5.1068e-02],
          [-1.2724e-01,  8.7297e-02,  1.3131e-01,  1.7305e-03,  5.9101e-02]],

         ...,

         [[-8.3769e-02, -1.3638e-01,  9.4881e-02,  1.2266e-01,  3.7362e-02],
          [-2.7372e-02, -5.1976e-02, -9.9181e-02,  7.1209e-02, -1.1794e-01],
          [ 6.8207e-02, -1.1051e-02,  6.8687e-02,  1.2633e-01, -7.0639e-02],
          [-1.3311e-01, -2.2499e-01, -1.2185e-01, -3.5300e-02, -1.0405e-01],
          [ 1.4251e-01,  1.7678e-01,  3.2683e-02, -7.6684e-02, -2.8341e-02]],

         [[-5.7086e-02, -6.6824e-02, -9.9436e-02, -1.1538e-01,  6.2950e-02],
          [ 6.0555e-02,  4.4735e-02, -9.9293e-03, -2.7474e-01,  1.1006e-01],
          [-1.2636e-02,  9.1158e-02,  1.1114e-01, -2.6656e-03,  1.5553e-01],
          [ 1.0617e-01,  1.2196e-01,  2.6490e-02,  1.8891e-02,  1.2244e-01],
          [ 1.1908e-01, -3.9469e-02, -7.6766e-02, -5.3831e-02,  5.4291e-02]],

         [[-6.2858e-02, -1.0360e-01, -9.3142e-02,  5.1469e-02, -1.5717e-02],
          [ 7.4110e-02, -6.1315e-02, -3.2066e-01, -2.2300e-03, -1.2322e-01],
          [ 1.0071e-01, -9.3306e-02, -1.8473e-01,  3.4002e-02,  6.3463e-02],
          [ 6.0026e-02,  8.6517e-02,  3.3713e-02,  1.1527e-01,  2.6279e-01],
          [ 3.5893e-02, -3.6304e-02,  6.5992e-02,  9.0843e-02,  2.9575e-01]]],


        ...,


        [[[-1.1205e-01, -2.0968e-01, -2.2697e-01, -1.7710e-01, -3.4809e-01],
          [-2.2063e-01, -2.3949e-01,  7.8503e-02,  6.7193e-02,  7.7104e-02],
          [ 3.4235e-02, -2.5190e-02,  4.1480e-02, -9.8534e-03,  5.9590e-02],
          [ 1.7052e-01, -3.9517e-02,  7.4748e-02, -1.5280e-02, -2.8495e-02],
          [ 2.6396e-02, -1.4446e-01, -1.2794e-01,  7.0154e-02,  6.3733e-02]],

         [[ 2.1801e-02,  8.7369e-02,  6.1350e-02,  8.2597e-02,  5.9231e-02],
          [ 2.1093e-02, -2.6681e-02,  1.3944e-01,  1.3720e-02,  6.6583e-02],
          [ 4.9253e-02,  1.6905e-03,  7.7361e-02,  7.2335e-02, -6.4479e-02],
          [-2.4376e-03,  2.5376e-02, -5.7723e-02, -5.1992e-02, -1.5483e-01],
          [-4.8633e-02, -1.8425e-02, -2.7890e-02, -7.4003e-04, -1.6349e-02]],

         [[-1.5110e-02,  2.5374e-02,  1.2670e-01,  4.8158e-02, -5.6064e-02],
          [-1.1940e-01, -6.3462e-02, -2.4893e-03,  6.0016e-02,  5.9989e-02],
          [-3.2022e-02, -8.8063e-02, -7.5577e-02, -1.0380e-01, -4.1991e-02],
          [ 6.6878e-02,  2.5559e-03, -3.2173e-02,  1.2305e-02,  3.0532e-02],
          [-7.0368e-02,  9.9870e-02, -4.7200e-02,  1.1420e-01,  2.7079e-01]],

         ...,

         [[ 1.3836e-01,  2.1917e-01,  9.3936e-02,  4.3402e-02,  8.5086e-02],
          [ 4.0630e-04, -1.1653e-02,  1.6458e-01,  6.5281e-02, -6.9759e-02],
          [-1.6201e-01, -2.1838e-01, -4.2486e-02, -8.9075e-03, -1.5662e-01],
          [-1.5287e-01, -1.4322e-01, -1.1470e-01, -1.1788e-01, -9.4329e-02],
          [ 6.1381e-02, -1.0844e-02,  8.0340e-02, -7.5156e-02, -1.9146e-01]],

         [[-1.8822e-01, -1.5397e-01, -1.4139e-01,  5.1806e-02,  6.4313e-02],
          [-9.7017e-02, -1.7878e-01, -1.3937e-01,  8.3139e-02,  1.4116e-01],
          [ 3.5719e-04, -8.7233e-02, -2.2467e-02, -8.8250e-02,  1.4180e-02],
          [-3.9687e-02, -1.5282e-01,  2.7060e-02, -4.9725e-02, -9.9972e-03],
          [ 6.7986e-03, -8.8965e-02,  2.0203e-02,  1.4932e-01,  3.5578e-03]],

         [[-1.0783e-01, -2.6688e-01,  4.6100e-02,  8.5061e-03, -2.1808e-02],
          [-9.4692e-02,  2.3143e-02,  1.3282e-01,  1.1249e-01,  2.3823e-02],
          [-2.6296e-02,  2.0186e-02, -5.1421e-02,  5.6932e-02, -5.4001e-02],
          [-6.7106e-02, -2.0637e-01, -7.3302e-02, -1.8851e-02, -1.3636e-02],
          [-2.9487e-01, -9.9258e-02,  5.6129e-03,  2.1694e-02,  2.0299e-01]]],


        [[[ 9.9899e-03, -8.8079e-02, -8.8754e-02, -1.4257e-01, -1.5905e-01],
          [-1.2494e-01, -3.2684e-02, -9.7173e-02, -8.5591e-02, -2.4613e-01],
          [-1.7877e-01, -1.4942e-01, -4.3019e-02, -1.0604e-01, -3.3187e-01],
          [-1.1978e-01, -1.7634e-01, -8.6777e-02,  2.8326e-02, -9.3681e-02],
          [-1.2244e-01, -3.7558e-02, -1.4148e-02,  2.1235e-03, -7.0103e-02]],

         [[-3.9412e-02, -7.0057e-02, -2.4722e-02,  5.0364e-02,  4.4803e-02],
          [ 9.6793e-02,  4.3465e-02,  9.5660e-02,  9.6916e-02,  4.4246e-03],
          [-1.5946e-02, -1.6459e-02,  8.3824e-03,  7.3892e-02,  3.1577e-02],
          [-9.8861e-02, -7.2935e-02, -7.4705e-02,  1.1123e-03,  7.4327e-02],
          [-9.2440e-02, -9.3953e-02, -8.3547e-02, -4.7592e-03, -6.9043e-02]],

         [[ 2.7785e-01,  7.3019e-02, -6.0880e-02, -5.2710e-02, -5.7335e-02],
          [ 1.8470e-01,  2.0031e-01, -1.5278e-03, -5.3761e-02, -1.5462e-01],
          [ 1.8362e-02,  1.7973e-01, -9.0338e-02, -9.1607e-02, -1.6286e-01],
          [-7.6757e-02,  5.0067e-04, -6.4546e-02, -4.5510e-02, -1.0504e-01],
          [-1.3206e-01, -4.0553e-02, -3.7319e-02, -6.5463e-02, -6.7243e-02]],

         ...,

         [[ 2.9501e-02, -2.0804e-03,  3.4677e-02, -4.9433e-03, -4.1865e-02],
          [ 1.2144e-01, -2.5088e-02, -7.0145e-02, -3.0571e-03,  4.2994e-02],
          [ 6.7986e-02, -8.7285e-02, -7.0766e-02,  9.8165e-02,  1.0084e-01],
          [-1.2224e-01, -1.5865e-01, -1.2308e-01, -9.1636e-02, -1.0955e-01],
          [-3.1749e-02, -1.0938e-01, -1.2009e-01, -6.7952e-02, -1.1571e-01]],

         [[ 6.9822e-02,  2.3781e-01,  9.0517e-02, -8.0172e-02, -1.0543e-02],
          [-7.0590e-02,  8.6437e-02,  5.7654e-02,  1.2517e-01, -1.2159e-01],
          [-1.0607e-03,  4.6937e-02,  1.5198e-01,  1.5195e-01, -2.1708e-01],
          [-3.1486e-03,  2.6909e-02,  5.9303e-02,  1.7426e-01, -4.3344e-02],
          [-4.3401e-02, -5.4301e-02,  2.6409e-02,  1.3769e-01,  5.1770e-03]],

         [[ 1.9868e-01,  3.6118e-02, -8.9322e-02, -2.5062e-02, -8.6449e-02],
          [-4.4793e-02,  9.3824e-02, -8.2042e-03, -2.1629e-01, -2.2878e-01],
          [-2.3379e-01,  6.5213e-02,  3.6653e-02, -1.1404e-01, -1.7668e-01],
          [-2.7307e-01, -1.6139e-03,  2.7863e-02, -5.1837e-02, -1.0144e-01],
          [-2.1577e-01, -9.2117e-02,  5.0267e-02, -2.8354e-02, -1.3304e-02]]],


        [[[ 2.4751e-01,  9.4838e-02, -3.0301e-02, -2.6553e-01, -1.8118e-01],
          [ 1.7510e-01,  3.8906e-02,  1.7408e-02,  5.3791e-02,  1.9276e-02],
          [-1.2816e-02, -7.9863e-03,  1.2035e-01,  6.3356e-02, -6.8839e-03],
          [-3.2117e-01, -1.7793e-01, -2.0726e-01, -6.0236e-02, -1.7063e-01],
          [-1.0728e-01,  4.6951e-02,  1.1151e-01,  1.1256e-01, -6.1050e-02]],

         [[ 2.8089e-02,  5.8988e-02, -8.8436e-02, -8.6397e-03,  1.6490e-02],
          [-5.1212e-03, -4.7877e-02, -3.9242e-02, -2.4141e-02, -9.3728e-02],
          [-2.8038e-02,  4.2204e-02,  3.7871e-02,  7.3142e-02, -6.3711e-02],
          [-1.3662e-01, -7.9694e-02,  7.3337e-02,  2.2377e-02, -9.1283e-02],
          [-7.2490e-02, -1.8298e-01, -1.5820e-01,  1.3533e-02, -1.1059e-01]],

         [[-5.4839e-02, -5.4688e-02, -4.0077e-02, -9.1490e-02, -1.0073e-01],
          [ 4.1795e-02, -1.7496e-02, -4.5611e-02,  8.5238e-03, -3.9599e-02],
          [ 7.4043e-02,  8.5403e-02, -5.5807e-02, -3.1177e-02, -1.4542e-02],
          [-6.5643e-02,  3.2808e-02,  3.4166e-03, -1.1829e-01, -9.8305e-02],
          [ 1.1967e-02, -2.0908e-02, -6.1022e-02,  6.3983e-02, -1.1432e-02]],

         ...,

         [[ 3.0491e-02,  1.1029e-02, -1.8224e-01, -1.1805e-01, -4.4579e-02],
          [-1.3064e-01, -9.6773e-02, -1.2183e-01, -5.7297e-02, -3.5061e-03],
          [-9.5954e-02, -7.8233e-02, -1.1436e-01, -1.3140e-01, -1.9149e-01],
          [-5.6286e-02, -2.3253e-01, -1.0308e-01,  9.3165e-02,  4.7774e-02],
          [-8.0035e-02, -6.1450e-02,  3.7265e-02,  1.2649e-01,  5.8405e-02]],

         [[ 5.6364e-02, -1.0645e-02,  1.4733e-03, -5.8454e-02, -5.5198e-02],
          [ 1.2291e-01, -5.4396e-02, -9.2997e-03,  5.9631e-02,  2.6862e-02],
          [ 4.8590e-02, -1.2561e-01,  3.3121e-02,  4.8246e-02, -1.6216e-01],
          [-2.3138e-01, -1.1745e-01, -4.0120e-02, -5.9012e-02, -3.2801e-01],
          [-8.3659e-02,  1.3152e-01,  1.6906e-01, -1.9562e-02, -1.0596e-02]],

         [[ 8.6007e-02,  9.4265e-02, -6.3762e-02,  1.8403e-02,  1.1287e-03],
          [ 9.4224e-02, -1.0027e-02, -1.7916e-02, -1.0109e-01, -2.2836e-02],
          [-2.3786e-02,  5.5830e-02,  5.0087e-02, -4.2053e-02, -7.8779e-02],
          [-1.6639e-01, -3.6020e-02,  1.2785e-01,  4.0103e-02, -9.4023e-02],
          [-1.2826e-02,  8.2695e-02,  1.4379e-01, -2.7167e-02, -2.2545e-01]]]],
       requires_grad=True)

Parameter name: conv2.bias, Size: torch.Size([8])
Values: Parameter containing:
tensor([ 0.0151,  0.0132,  0.0022, -0.0187,  0.0305, -0.0069, -0.0153, -0.0300],
       requires_grad=True)

Parameter name: conv3.weight, Size: torch.Size([4, 8, 3, 3])
Values: Parameter containing:
tensor([[[[-3.0054e-02, -2.5175e-02, -3.4941e-01],
          [-1.1936e-01, -1.7228e-01,  1.7779e-01],
          [ 9.1171e-03,  6.8411e-02,  2.1791e-01]],

         [[-1.0209e-01,  4.3779e-02,  1.8214e-01],
          [-5.0765e-02,  4.3555e-02, -4.7469e-02],
          [ 1.1860e-03, -1.2836e-01, -8.3808e-02]],

         [[-2.9285e-01, -5.1571e-01, -3.6176e-01],
          [ 9.7174e-03, -2.2018e-01,  1.6309e-01],
          [-1.3407e-04,  1.5846e-01,  1.3171e-01]],

         [[-7.6592e-02,  3.4196e-02,  2.1407e-01],
          [-2.1337e-01, -2.6639e-01,  6.8521e-03],
          [ 1.3474e-01,  9.6307e-02, -1.0274e-01]],

         [[ 1.0657e-01, -1.8227e-02,  2.3060e-01],
          [ 7.8752e-02, -5.1362e-02, -2.4902e-01],
          [ 1.8496e-01, -1.1985e-01,  2.7049e-02]],

         [[-5.7855e-02, -1.6596e-01, -1.6675e-01],
          [ 3.0037e-02, -3.8912e-02,  1.8662e-01],
          [-7.2094e-02, -1.6394e-01,  7.8471e-02]],

         [[ 2.7201e-02, -1.1713e-01,  1.1549e-01],
          [-5.5804e-03,  1.3989e-01,  5.5526e-02],
          [ 2.4349e-02, -1.1615e-01, -4.6295e-02]],

         [[ 1.5496e-01,  9.7241e-02,  4.7456e-02],
          [ 1.0771e-01,  1.4393e-01,  1.6853e-02],
          [-2.1806e-02,  1.2895e-01, -1.6241e-02]]],


        [[[ 4.8318e-02, -2.3967e-01, -1.2654e-01],
          [-1.0640e-01, -2.6044e-01, -1.2233e-01],
          [-1.5086e-03,  5.6546e-02,  2.3635e-01]],

         [[ 6.6618e-03, -1.4538e-01, -1.2180e-01],
          [-1.2998e-01, -3.2194e-01,  9.4695e-02],
          [-1.3382e-01,  2.8475e-02,  4.4666e-01]],

         [[ 2.5781e-01,  1.1922e-01, -7.6982e-02],
          [-1.3605e-01, -9.0188e-02,  3.4673e-02],
          [-3.2548e-02, -8.3118e-02,  1.3414e-01]],

         [[-2.7286e-02, -7.9391e-02, -1.8045e-01],
          [ 4.4343e-02,  8.2797e-02,  1.3465e-01],
          [ 1.6681e-01,  1.4155e-01, -1.1079e-01]],

         [[ 9.3219e-03,  1.3705e-03,  1.5726e-01],
          [ 1.0044e-01,  1.3231e-01,  1.5044e-01],
          [ 1.6020e-01,  1.6722e-01,  1.0724e-01]],

         [[-7.6289e-02, -1.5458e-01, -1.3126e-01],
          [-1.6956e-01, -2.5905e-01, -1.0577e-01],
          [ 1.1698e-02, -3.7503e-02,  7.6594e-02]],

         [[ 7.8825e-02,  1.5372e-01, -2.7132e-01],
          [ 1.1224e-02, -6.4121e-02, -6.2213e-02],
          [ 7.2046e-02,  9.8170e-02,  1.8558e-01]],

         [[ 6.4952e-02, -1.3903e-02, -2.0811e-01],
          [ 2.5285e-01, -1.1426e-01, -4.9407e-01],
          [ 9.0149e-02, -7.9416e-02, -1.8896e-01]]],


        [[[-1.0093e-01, -1.6476e-02,  6.7826e-02],
          [ 2.6849e-01,  1.3903e-01, -3.7581e-02],
          [-1.2399e-01, -2.0768e-01, -2.8203e-04]],

         [[-1.1920e-01,  8.9425e-02,  3.1111e-02],
          [ 2.8759e-01,  4.0061e-02, -1.0889e-01],
          [-1.0171e-01, -5.2392e-02,  4.5911e-02]],

         [[-1.1434e-01,  1.7495e-01,  3.3244e-01],
          [ 1.5279e-01,  2.2864e-01, -8.2009e-02],
          [-2.6374e-01, -2.3506e-01, -1.3118e-02]],

         [[ 1.6418e-02, -5.8402e-02,  6.9691e-02],
          [ 2.0394e-01,  9.7576e-02,  1.5828e-01],
          [-2.2022e-01, -3.7674e-01, -3.4694e-01]],

         [[-9.6519e-02, -2.3203e-01, -6.3910e-02],
          [ 2.8269e-02, -2.4860e-01, -1.2275e-01],
          [ 1.8142e-01, -1.7946e-01, -7.1059e-02]],

         [[-9.3675e-02, -1.0183e-01, -1.3210e-01],
          [-3.1251e-02, -1.8929e-02, -4.7966e-02],
          [ 6.0999e-02,  1.4889e-01, -1.5777e-02]],

         [[-2.8061e-02,  2.1413e-01,  1.3302e-01],
          [ 9.2240e-02, -1.2921e-02, -2.7874e-01],
          [ 8.5256e-02, -1.1686e-01, -2.7719e-01]],

         [[-5.5556e-02,  1.8588e-02, -2.5241e-02],
          [ 1.2953e-01,  4.4941e-02, -1.0809e-01],
          [-1.2711e-01,  1.5564e-01,  1.7009e-01]]],


        [[[ 7.3478e-02,  1.8875e-01,  6.8972e-02],
          [-2.3466e-01,  2.7871e-02,  8.2202e-02],
          [-1.4564e-01, -1.7335e-01,  7.8914e-02]],

         [[-1.1513e-01, -4.0816e-03, -4.9639e-03],
          [ 1.1507e-01,  1.4231e-02,  2.9894e-01],
          [-9.1916e-02,  1.4977e-02,  1.5489e-01]],

         [[ 6.3058e-02,  1.9980e-01,  9.8761e-02],
          [-3.6876e-03, -1.5184e-01, -1.5419e-02],
          [-3.6004e-02, -1.2685e-01,  6.3797e-02]],

         [[-2.9106e-01,  9.2215e-03,  1.4879e-01],
          [-2.7345e-01, -1.7797e-01, -3.6748e-02],
          [-9.1790e-02, -6.1109e-02, -1.3470e-01]],

         [[-1.4125e-01, -7.8574e-02,  1.0858e-01],
          [ 2.3250e-01,  1.9146e-01,  4.7258e-02],
          [ 2.9278e-01,  9.2142e-02, -8.1930e-02]],

         [[ 2.0864e-01,  1.3819e-01, -2.4178e-01],
          [-5.3033e-02,  4.2980e-02, -1.4760e-01],
          [-2.5734e-02, -6.7227e-02,  1.0332e-01]],

         [[-1.4170e-01, -9.7131e-02, -2.0688e-01],
          [-3.3177e-02, -6.2247e-02, -3.3176e-02],
          [ 1.1134e-01,  9.5508e-03,  1.5427e-01]],

         [[-1.5012e-02,  1.3134e-02,  5.8678e-02],
          [-1.5859e-01, -7.7133e-03,  2.0746e-01],
          [ 3.1162e-01,  1.4293e-01,  1.2331e-01]]]], requires_grad=True)

Parameter name: conv3.bias, Size: torch.Size([4])
Values: Parameter containing:
tensor([-0.0217,  0.0317, -0.0179,  0.0109], requires_grad=True)

Parameter name: fc_layer.weight, Size: torch.Size([4, 36])
Values: Parameter containing:
tensor([[ 0.0422, -0.1157,  0.0711, -0.5142,  0.2040,  0.1801, -0.0080, -0.0643,
         -0.1010, -0.0294, -0.0624, -0.2063,  0.0356,  0.1881, -0.1372,  0.1940,
          0.1065, -0.4071, -0.2190,  0.0059, -0.0238, -0.3385,  0.1252, -0.1322,
         -0.4500,  0.0275,  0.2184, -0.3236,  0.1416,  0.1085, -0.2319,  0.0934,
         -0.1627,  0.0658, -0.1998,  0.1152],
        [-0.0989,  0.2319,  0.2038,  0.1911, -0.1100,  0.0890, -0.2280, -0.0479,
          0.1152,  0.1344, -0.0549,  0.0221, -0.5533,  0.1025,  0.1324, -0.1947,
          0.0667,  0.2144,  0.0050, -0.0096,  0.1190,  0.0963,  0.0693,  0.0138,
          0.0386, -0.1906, -0.3625,  0.0962, -0.2450,  0.2378, -0.0323,  0.0224,
          0.1278, -0.1643,  0.1147,  0.1377],
        [ 0.0011, -0.0640,  0.0807,  0.2716, -0.0644,  0.0453, -0.2112,  0.2961,
         -0.0769, -0.0259,  0.1653,  0.2649,  0.0683, -0.1738, -0.1886,  0.1461,
         -0.0394,  0.0043,  0.1157, -0.1502,  0.2345, -0.0125, -0.1850,  0.1912,
         -0.0659,  0.0763,  0.2013,  0.1305,  0.0920, -0.3667, -0.0146, -0.1190,
          0.1561,  0.1581,  0.2489, -0.2944],
        [-0.1652, -0.0083,  0.0346,  0.0864, -0.0543, -0.3798,  0.1651,  0.0037,
          0.1442, -0.0830,  0.0855, -0.1199,  0.3025,  0.0798,  0.0770, -0.5457,
          0.0052,  0.0548, -0.1603,  0.0883, -0.2731,  0.0168, -0.2153, -0.0955,
          0.1727, -0.0683, -0.4881, -0.1995, -0.1234,  0.1240,  0.0386, -0.1142,
          0.0920, -0.2473, -0.0156,  0.0089]], requires_grad=True)

Parameter name: fc_layer.bias, Size: torch.Size([4])
Values: Parameter containing:
tensor([ 0.0203,  0.0729, -0.0150, -0.0310], requires_grad=True)

